#Entropy	P318.871868	P2477463190.000000	P10616202800.000000	P37130030300.000000	P131632621000.000000	P506485527000.000000	P639214903000.000000	P782079315000.000000	P952433604000.000000	P1141842300000.000000	P1358868850000.000000	P1586897850000.000000	P1835548490000.000000	P2104786810000.000000	P2396120650000.000000	P2614561580000.000000	P2962072790000.000000	P3499668870000.000000	P4134904600000.000000	P4858271530000.000000	P5663806720000.000000	P6549142300000.000000	P7512178540000.000000	P8551043990000.000000	P9664062550000.000000	P10851977700000.000000	P12122947400000.000000	P13464435400000.000000	P14875306900000.000000	P16354524000000.000000
41501.711800	55.878557	55.878557	55.878557	55.878557	55.878557	55.878557	55.878557	55.878557	41.749401	50.815314	58.219084	64.323307	69.477809	73.921648	77.818890	81.285640	84.406322	87.243807	89.845937	92.249820	94.484742	96.574177	98.537212	100.389566	102.144333	103.812540	105.403564	106.925445	108.385136	109.788696
415017.118000	63.386538	63.536594	64.026572	65.584696	70.680244	84.543962	87.751901	92.799429	94.398806	95.920360	97.433633	98.832809	100.191788	101.514631	102.808939	103.704409	105.020497	106.846669	108.755251	110.682436	112.596181	114.483941	116.339136	118.158462	119.941503	121.692126	123.423585	125.089715	126.753559	128.385101
4150171.180000	138.041346	138.244981	138.912690	141.049742	148.223008	169.496921	174.882392	183.820630	186.772377	189.642240	192.557768	195.311819	198.042234	200.783993	203.580313	205.531935	208.426285	212.495021	216.814645	221.248401	225.724654	230.213582	234.697667	239.166008	243.614301	248.048675	252.575776	257.020784	261.469991	265.846329
1000000.000000	75.083568	75.242016	75.759840	77.408667	82.829640	97.853118	101.401789	107.056960	108.867946	110.600484	112.333259	113.944513	115.518208	117.058645	118.574513	119.628389	121.185195	123.361621	125.657356	127.998520	130.347405	132.688989	135.015000	137.320908	139.605539	141.873167	144.140543	146.352460	148.579276	150.787018
1250000.000000	80.081887	80.243920	80.773644	82.461230	88.021275	103.540481	107.234803	113.149851	115.051292	116.874017	118.700612	120.402514	122.067978	123.701415	125.311977	126.433552	128.093238	130.419356	132.880550	135.398637	137.933489	140.469022	142.996244	145.510101	148.009092	150.497669	152.994076	155.439245	157.906650	160.360639
1500000.000000	85.079870	85.245490	85.787112	87.513455	93.212571	109.227558	113.067552	119.242592	121.234502	123.147427	125.067849	126.860408	128.617645	130.344085	132.049345	133.238624	135.001191	137.477004	140.103660	142.798674	145.519493	148.248976	150.977412	153.699216	156.412570	159.122095	161.847534	164.525953	167.233945	169.934183
1750000.000000	90.077520	90.246726	90.800245	92.565343	98.403528	114.914350	118.900036	125.335183	127.417576	129.420713	131.434969	133.318191	135.167209	136.986656	138.786619	140.043603	141.909055	144.534566	147.326687	150.198630	153.105419	156.028853	158.958503	161.888256	164.815972	167.746447	170.700916	173.612586	176.561162	179.507650
2000000.000000	95.074834	95.247626	95.813043	97.616893	103.594145	120.600857	124.732254	131.427625	133.600513	135.693874	137.801974	139.775867	141.716668	143.629127	145.523798	146.848490	148.816830	151.592042	154.549631	157.598505	160.691266	163.808653	166.939517	170.077219	173.219298	176.370722	179.554221	182.699144	185.888303	189.081041
2250000.000000	100.071814	100.248192	100.825505	102.668105	108.784424	126.287077	130.564208	137.519919	139.783314	141.966912	144.168862	146.233434	148.266025	150.271500	152.260881	153.653283	155.724515	158.649432	161.772492	164.998299	168.277033	171.588375	174.920454	178.266106	181.622548	184.994921	188.407452	191.785627	195.215366	198.561048
2500000.000000	105.068459	105.248424	105.837632	107.718980	113.974362	131.973013	136.395897	143.612061	145.965978	148.239825	150.535633	152.690892	154.815278	156.913772	158.997870	160.457985	162.632111	165.706735	168.995270	172.398013	175.862722	179.368018	182.901315	186.454917	190.025722	193.619045	197.260606	200.774540	204.185690	207.543141
2750000.000000	110.064770	110.248321	110.849424	112.769517	119.163963	137.658663	142.227321	149.704055	152.148506	154.512615	156.902288	159.148242	161.364427	163.555946	165.734763	167.262594	169.539617	172.763952	176.217963	179.797646	183.448332	187.147584	190.882100	194.643652	198.428821	202.132375	205.762852	209.293205	212.839565	216.344550
3000000.000000	115.060745	115.247883	115.860880	117.819716	124.353223	143.344027	148.058480	155.795900	158.330898	160.785281	163.268827	165.605485	167.913473	170.198020	172.471562	174.067110	176.447034	179.821083	183.440574	187.197198	191.033861	194.927073	198.862807	202.738632	206.549996	210.330856	214.107900	217.786665	221.485524	225.145898
3250000.000000	120.056387	120.247111	120.872001	122.869578	129.542145	149.029107	153.889374	161.887595	164.513154	167.057823	169.635250	172.062617	174.462415	176.839994	179.208265	180.871534	183.354362	186.878128	190.663101	194.596669	198.619313	202.662048	206.673971	210.656562	214.606367	218.529274	222.452886	226.280063	230.131420	233.947184
3500000.000000	125.051694	125.246003	125.882786	127.919102	134.730728	154.713900	159.720003	167.979140	170.695273	173.330240	176.001557	178.519642	181.011254	183.481869	185.944874	187.675865	190.261600	193.935087	197.885545	201.996848	206.155127	210.313882	214.456934	218.574429	222.662676	226.727629	230.797810	234.773401	238.777253	242.748408
3750000.000000	130.046666	130.244562	130.893237	132.968288	139.918972	160.398409	165.550368	174.070536	176.877256	179.602534	182.367747	184.976558	187.559989	190.123645	192.681387	194.480104	197.168749	201.008610	205.152640	209.399397	213.679940	217.965650	222.239833	226.492233	230.718922	234.925923	239.142672	243.266676	247.423022	251.563528
4000000.000000	135.041304	135.242786	135.903352	138.017137	145.106876	166.082632	171.380467	180.161783	183.059102	185.874704	188.733820	191.433365	194.108621	196.765322	199.417806	201.322590	204.175676	208.184568	212.438296	216.801877	221.204686	225.617352	230.022668	234.409973	238.775105	243.124154	247.487472	251.791534	256.174365	260.483208
4250000.000000	140.035607	140.240675	140.913131	143.065648	150.294442	171.766569	177.210302	186.252880	189.240812	192.146749	195.099778	197.890065	200.685899	203.538755	206.360438	208.330151	211.251934	215.360453	219.723882	224.204288	228.729365	233.268990	237.805440	242.327650	246.831226	251.369501	256.008948	260.497006	264.990337	269.411544
4500000.000000	145.029575	145.238229	145.922576	148.113822	155.481668	177.450222	183.039873	192.343828	195.422386	198.418672	201.545438	204.560512	207.522038	210.437410	213.322611	215.337634	218.328115	222.536264	227.009398	231.606632	236.253979	240.920562	245.588146	250.257310	255.088051	259.860325	264.606559	269.202424	273.806252	278.339827
4750000.000000	150.023209	150.235449	150.931684	153.161658	160.668555	183.133589	188.869178	198.434627	201.709193	204.972756	208.258344	211.334714	214.358088	217.335978	220.284704	222.345037	225.404220	229.712002	234.294842	239.008906	243.778525	248.572069	253.545772	258.542284	263.475074	268.351094	273.204114	277.907787	282.622111	287.268054
5000000.000000	155.016509	155.232335	155.940458	158.209157	165.855103	188.816671	194.698219	204.848726	208.297055	211.621990	214.971149	218.108823	221.194049	224.234462	227.246714	229.352360	232.480248	236.887666	241.580215	246.411113	251.384705	256.580310	261.732393	266.827895	271.862040	276.841807	281.801613	286.613097	291.437915	296.240073
5250000.000000	160.009474	160.228885	160.948897	163.256317	171.041313	194.499468	200.573573	211.374762	214.884798	218.271116	221.683854	224.882839	228.029920	231.132860	234.208643	236.359604	239.556201	244.063257	248.865518	254.072881	259.381249	264.670426	269.918957	275.113449	280.248950	285.332465	290.399057	295.348056	300.362835	305.398069
5500000.000000	165.002104	165.225102	165.957000	168.303141	176.227184	200.209579	206.919325	217.900667	221.472422	224.920135	228.396457	231.656759	234.865702	238.031171	241.170490	243.366770	246.632076	251.335871	256.601936	261.979057	267.377732	272.760484	278.105464	283.398946	288.635805	293.823067	298.996446	304.267996	309.598852	314.826669
5750000.000000	169.994400	170.220983	170.964768	173.349626	181.412715	206.444917	213.264846	224.426442	228.059928	231.569047	235.108960	238.430587	241.701395	244.929398	248.132257	250.406147	254.016265	259.074181	264.421584	269.885171	275.374156	280.850484	286.291913	291.684386	297.022603	302.476203	308.100257	313.522926	318.939875	324.255218
6000000.000000	174.986361	175.216530	175.972200	178.395775	186.597908	212.689774	219.610135	230.952087	234.647315	238.217851	241.821362	245.204320	248.536998	251.995438	255.545875	258.019300	261.680516	266.812425	272.241168	277.791224	283.370520	288.940424	294.478304	299.977336	305.808777	311.563465	317.270978	322.777805	328.280845	333.683717
6250000.000000	179.977987	180.211742	180.979297	183.441585	191.782761	218.934380	225.955191	237.477602	241.234584	244.866547	248.533663	252.172297	255.883191	259.527431	263.125219	265.632379	269.344697	274.550601	280.060688	285.697214	291.366824	297.030306	302.880342	308.894035	314.814811	320.650676	326.441648	332.032634	337.621765	343.134623
6500000.000000	184.969279	185.206620	185.986060	188.487058	196.967276	225.178736	232.300017	244.002986	247.821734	251.673954	255.778038	259.611403	263.368476	267.059347	270.704489	273.245387	277.008811	282.288711	287.880144	293.603144	299.363068	305.552665	311.729330	317.820627	323.820794	329.737835	335.612268	341.287414	346.962634	352.739526
6750000.000000	189.960236	190.201163	190.992486	193.532194	202.448636	231.422842	238.644610	250.587076	254.885527	259.019520	263.171183	267.050424	270.853680	274.591185	278.283685	280.858323	284.672854	290.026756	295.699537	301.646954	308.006745	314.325912	320.578265	326.747168	332.826725	338.824942	344.782836	350.677558	356.802788	362.833703
7000000.000000	194.950859	195.195372	195.998577	198.576992	208.348633	237.666698	244.988972	257.840083	262.184899	266.364987	270.564238	274.489359	278.338804	282.122945	285.862807	288.471187	292.336828	297.764733	303.852468	310.275691	316.706453	323.099104	329.427147	335.673655	341.832604	347.912000	354.271327	360.553542	366.817847	372.951701
7250000.000000	199.946838	200.229722	201.159028	204.165922	214.248139	243.910303	251.495054	265.092972	269.484163	273.710357	277.957200	281.928209	285.823845	289.654629	293.441855	296.083979	300.001265	306.042180	312.413150	318.904371	325.406105	331.872242	338.275976	344.600090	350.909916	357.579054	364.179436	370.530210	376.864532	383.069652
7500000.000000	205.697636	205.986425	206.935130	209.969013	220.147346	250.191685	258.610308	272.345742	276.783320	281.055629	285.350071	289.366973	293.308806	297.186234	301.127542	304.078081	308.439208	314.538811	320.973773	327.532993	334.105702	340.645325	347.124751	353.835717	360.683847	367.419128	374.087496	380.506832	386.911169	393.236902
7750000.000000	211.463039	211.754279	212.711035	215.771807	226.046254	257.212401	265.725353	279.598394	284.082369	288.400803	292.742850	296.805610	300.879791	305.220526	309.499075	312.476184	316.877533	323.035381	329.534337	336.161560	342.805244	349.418354	356.511653	363.544902	370.457731	377.259155	383.995509	390.483406	396.957757	403.561500
8000000.000000	217.227911	217.521839	218.486647	221.574304	231.944862	264.251469	272.840186	286.850927	291.381309	295.745880	300.165425	304.713369	309.177211	313.554672	317.870539	320.874220	325.315760	331.531889	338.094841	344.790068	351.647373	358.948751	366.157553	373.254039	380.231565	387.099132	393.903475	400.621860	407.603329	414.474457
8250000.000000	222.991833	223.289104	224.261963	227.376505	237.843171	271.290309	279.954810	294.103342	298.680143	303.445272	308.375472	312.974225	317.474555	321.888746	326.241935	329.272188	333.753920	340.028335	346.655286	353.750512	361.171671	368.532917	375.803403	382.963126	390.005351	396.939062	404.131891	411.290224	418.419277	425.391106
8500000.000000	228.755452	229.056076	230.036987	233.178409	243.741180	278.328924	287.069223	301.516656	306.676675	311.632409	316.600132	321.235001	325.771824	330.222748	334.613262	337.670091	342.192016	348.524720	355.733938	363.216950	370.695918	378.117031	385.449203	392.672165	399.785354	407.360625	414.872954	422.088659	429.276202	436.307709
8750000.000000	234.518765	234.822754	235.811717	238.980016	249.638892	285.367311	294.183426	309.630536	314.827237	319.819456	324.824708	329.495698	334.069017	338.556678	342.984521	346.067928	350.695530	357.733833	365.144951	372.683335	380.220112	387.701096	395.094953	402.593492	410.388655	418.044812	425.613971	432.887050	440.133082	447.381475
9000000.000000	240.281775	240.589138	241.586153	244.781326	256.363915	292.405472	301.459435	317.744307	322.977699	328.006414	333.049200	337.756315	342.366136	346.890536	351.499167	354.934190	360.006723	367.092714	374.555908	382.149667	389.744255	397.285109	405.171358	413.168334	421.017528	428.728953	436.354944	443.755923	451.251588	458.780989
9250000.000000	246.044480	246.355229	247.360295	250.673123	263.142737	299.444378	309.462089	325.857970	331.128062	336.193281	341.273607	346.016852	350.735065	355.784101	360.756309	364.212934	369.318121	376.451537	383.966810	391.615945	399.268346	407.504509	415.693354	423.743129	431.646355	439.413047	447.095871	454.846432	462.797589	470.565395
9500000.000000	252.094021	252.457751	253.629883	257.380372	269.921291	307.314263	317.464552	333.971524	339.278325	344.380058	349.497929	354.746831	359.931967	365.010829	370.013388	373.491617	378.629458	385.810301	393.377658	401.185757	409.620107	417.975047	426.215303	434.317878	442.275137	450.105777	458.489029	466.530179	474.531048	482.349760
9750000.000000	258.772140	259.139001	260.316949	264.087359	276.699578	315.256579	325.466823	342.084969	347.428490	352.855399	358.579928	363.913982	369.128800	374.237491	379.270403	382.770237	387.940735	395.169009	403.059738	411.558265	420.040725	428.445538	436.737205	444.892581	453.152719	461.691838	470.123878	478.213884	486.264464	494.248924
10000000.000000	265.449991	265.819992	267.003756	270.794082	283.477599	323.198689	333.468902	350.221106	356.213331	361.962680	367.717674	373.081060	378.325564	383.464085	388.527354	392.048796	397.251951	404.974916	413.386160	421.930723	430.461293	438.915981	447.259060	455.942404	464.692301	473.278344	481.758683	489.925050	498.100212	506.371915
10529411.800000	279.590437	279.967118	281.163198	284.995688	297.830172	340.016594	350.463074	369.380531	375.436037	381.248263	387.067938	392.493450	397.800834	403.310762	408.957423	412.880181	418.669364	426.750907	435.253705	443.895764	452.756966	462.078837	471.262393	480.281979	489.128919	497.814333	506.911244	515.798750	524.634462	533.263700
11058823.500000	293.729683	294.113082	295.321478	299.208618	313.908508	357.663306	369.425276	388.539508	394.658333	400.591118	407.093985	413.149164	419.064937	424.854842	430.554733	434.515377	440.361783	448.526657	457.781477	467.313946	476.820400	486.231439	495.507060	505.005534	514.680835	524.167675	533.530179	542.590525	551.745802	560.908571
11588235.300000	309.027209	309.474264	310.871382	315.348468	330.293514	376.521487	388.386699	408.530473	415.368303	421.924305	428.482240	434.588717	440.556543	446.398645	452.358206	456.737574	463.196647	472.206842	481.676783	491.291294	500.959410	511.265523	521.411205	531.368148	541.126528	550.752705	560.928127	570.673072	580.354902	589.876474
12117647.100000	325.247946	325.697819	327.107917	331.617111	346.677466	395.378840	408.161256	429.760346	436.650629	443.258408	449.892168	456.617863	463.219197	469.675096	476.027036	480.438082	486.944974	496.025053	506.059142	516.591129	527.086570	537.468530	547.692697	558.340209	568.945724	579.339076	589.590399	599.607800	609.904970	620.035918
12647058.800000	341.467653	341.920343	343.343454	347.884733	364.756371	415.834734	429.221645	451.089248	458.724319	466.039203	473.351681	480.154911	486.799749	493.299155	499.703999	504.508617	511.644379	521.594023	532.043768	542.645217	553.473416	564.767951	575.880926	586.781441	597.458441	608.507711	619.583888	630.187347	640.716232	651.277392
13176470.600000	358.711719	359.227478	360.853236	366.025346	383.265951	436.809133	450.310105	474.451189	482.130134	489.488220	496.845718	504.028417	511.322028	518.450765	525.462233	530.329164	537.505025	547.513564	558.687645	570.223429	581.713156	593.072391	604.571844	616.357564	627.893646	639.194580	650.359798	661.761411	673.076479	684.124997
13705882.400000	377.093408	377.611159	379.248651	384.444212	401.983956	458.587559	473.523563	497.812767	506.048439	514.129354	522.204319	529.711919	537.042024	544.207123	551.361369	556.663766	564.478637	575.371740	586.806345	598.401021	610.710398	622.993060	635.073792	646.919184	659.113287	671.265072	683.239334	694.845038	706.623148	718.282594
14235294.100000	395.474260	395.994003	397.643248	403.204857	422.675936	481.729332	496.736419	523.144791	531.622038	539.739117	547.851895	555.853692	563.841903	571.645786	579.319625	584.643922	592.492744	603.701974	616.075773	628.615123	641.099630	653.682448	666.679461	679.416757	691.880901	704.356963	717.175682	729.438244	741.602354	753.805275
14764705.900000	415.521983	416.105834	417.964822	423.827037	443.367194	505.334288	521.830889	548.679781	557.814566	566.664085	575.504681	583.719523	591.738314	599.580027	607.848931	613.612284	622.106194	633.942616	646.362472	659.596900	673.029268	686.296905	699.342847	712.939320	726.281809	739.343051	752.348495	765.422186	778.385424	791.181202
15294117.600000	436.113993	436.699152	438.569205	444.448578	465.566720	530.676953	547.232884	576.306926	585.588489	594.468252	603.606436	612.504001	621.186507	629.665093	638.001337	643.782792	652.473710	665.216143	678.580313	692.120136	705.975240	720.183589	734.148849	747.832831	761.925097	775.849571	789.563264	802.929787	816.635654	830.041013
15823529.400000	457.436105	458.086232	460.171656	466.705021	488.477767	556.547962	574.611820	604.373357	614.432973	624.050984	633.657498	642.579584	651.382830	660.513563	669.488964	675.711414	684.882119	697.659107	711.816434	726.317178	740.744531	755.309657	770.202057	784.789990	799.058868	813.794542	828.360373	842.426212	856.618063	870.658411
16352941.200000	480.271260	480.922103	483.018339	489.563609	512.504973	584.118037	602.413141	634.344611	644.432183	654.379499	664.728537	674.336140	683.711024	692.862162	701.987526	708.654785	718.479928	732.164807	746.514029	761.758036	777.143442	792.332233	807.694891	823.192374	838.345313	853.351359	868.773349	883.570818	898.328733	913.043392
16882352.900000	503.414196	504.130293	506.446141	513.650413	537.661720	612.640883	632.273285	665.390151	676.259903	686.644658	697.015648	707.105744	717.153104	726.957309	736.593941	743.273587	753.319879	767.918572	783.221197	798.718436	814.988206	831.123480	846.976396	863.214640	879.257067	894.950872	910.960181	926.523938	941.938738	957.363709
17411764.700000	528.514696	529.230980	531.557727	538.769366	563.972336	642.458678	663.050169	697.610602	709.100720	720.232788	731.347857	741.662137	751.839345	762.300244	772.580398	779.705281	790.203748	805.119708	821.380046	837.842720	854.457028	871.542082	888.324670	905.017232	921.951486	938.514641	955.066329	971.450706	987.672917	1003.842437
17941176.500000	553.943675	554.725157	557.275111	565.147381	591.393833	673.967493	695.166687	731.928074	743.606555	755.068196	766.931482	777.936299	788.673164	799.152124	810.019931	817.591841	828.747437	844.280897	861.170367	878.602164	895.934721	913.749579	931.463941	948.808911	966.574718	984.008582	1001.226818	1018.431669	1035.461756	1052.404983
18470588.200000	581.325806	582.106991	584.668202	592.543828	620.376973	706.477989	729.211787	767.497774	779.965875	791.862199	803.971394	815.669171	827.080852	838.210008	849.145376	857.115605	868.929978	885.378307	902.756308	921.158629	939.453351	957.894092	976.541155	994.797136	1013.261284	1031.566249	1049.581937	1067.589723	1085.427360	1103.170490
19000000.000000	609.429715	610.283654	613.063215	621.607285	650.106360	740.835734	764.500908	804.526710	817.787875	830.434578	843.059772	855.045181	867.132405	878.919802	890.499086	898.524046	910.916508	928.281040	946.472187	965.660897	984.918510	1004.111648	1023.691402	1042.858672	1062.135192	1081.310888	1100.197623	1119.038566	1137.682783	1156.249347
19529411.800000	639.086260	639.959260	642.736371	651.394731	682.067581	776.870558	801.242645	843.579721	857.258463	870.657347	884.032215	896.429980	908.995247	921.441789	933.665744	942.137144	954.857788	973.138912	992.287044	1012.245899	1032.466163	1052.527379	1073.039109	1093.117183	1113.310935	1133.356406	1153.215058	1172.898152	1192.390332	1211.802929
20058823.500000	670.196923	671.158921	674.147950	683.382625	715.065808	814.362493	840.202967	884.553982	898.626474	912.698236	926.824016	939.913903	952.821271	965.927270	978.796030	987.714081	1000.900640	1020.089168	1040.193962	1061.039241	1082.221294	1103.256700	1124.699099	1145.686904	1166.894141	1187.808308	1208.735240	1229.292188	1249.750417	1270.039943
20588235.300000	702.324845	703.353471	706.565824	716.480443	749.385186	853.499511	880.885176	927.352152	942.216312	956.709838	971.587197	985.369504	998.809099	1012.514593	1026.027817	1035.392378	1049.190519	1069.257564	1090.318349	1112.156659	1134.299088	1156.406315	1178.777579	1200.701615	1222.983453	1244.764493	1266.842022	1288.284719	1309.749186	1331.039398
21117647.100000	736.576865	737.615598	740.851546	750.830960	785.905468	894.745494	923.384619	972.126947	987.786160	1002.831427	1018.460599	1032.935172	1047.048092	1061.330624	1075.487605	1085.298273	1099.767784	1120.759688	1142.775751	1165.705103	1188.806035	1212.075095	1235.373054	1258.503245	1281.670294	1304.482468	1327.620530	1349.959292	1372.467121	1394.792814
21647058.800000	772.251993	773.358808	776.836138	787.440665	823.924257	938.008629	967.854015	1019.017643	1035.470859	1051.190524	1067.571044	1082.737777	1097.523480	1112.492067	1127.291800	1137.547958	1152.766954	1174.703356	1197.672952	1221.783627	1245.840827	1270.354897	1294.577067	1318.990219	1343.039858	1367.163769	1391.150261	1414.586863	1438.044033	1461.373092
22176470.600000	809.395174	810.569766	814.292357	825.576295	863.600288	983.243678	1014.429267	1068.151698	1085.399328	1101.904318	1119.033212	1134.893980	1150.386782	1166.106600	1181.547834	1192.248700	1208.342565	1231.187831	1255.315393	1280.484256	1305.708606	1331.331313	1356.716904	1382.242335	1407.429954	1432.673593	1457.766449	1482.445520	1507.039711	1531.469567
22705882.400000	848.329799	849.526446	853.411649	865.376469	905.104371	1030.586864	1063.236364	1119.646176	1137.688421	1155.080800	1172.957146	1189.511390	1205.878282	1222.273841	1238.355134	1249.517741	1266.553566	1290.305271	1315.766355	1341.892677	1368.523542	1395.084209	1421.909720	1448.336197	1474.981135	1501.123999	1527.656800	1553.267080	1579.029055	1604.611544
23235294.100000	889.427917	890.666943	894.666719	907.012528	948.676475	1080.169205	1114.394864	1173.608911	1192.445812	1210.819829	1229.442563	1246.689544	1264.035884	1281.086233	1297.805990	1309.760373	1327.485945	1352.223373	1379.008236	1406.309479	1434.192866	1462.096918	1490.015648	1517.921419	1545.499921	1573.187780	1600.594794	1627.686582	1654.623189	1681.397047
23764705.900000	932.391700	933.697333	937.953310	950.691689	994.477420	1132.106891	1168.011806	1230.139563	1249.793991	1269.213991	1288.581916	1306.776182	1324.926007	1342.629800	1360.362671	1372.844753	1391.219932	1417.385657	1445.115763	1473.958592	1502.881236	1532.269323	1561.464278	1590.599910	1619.652318	1648.337547	1677.366809	1705.419094	1733.596599	1761.622879
24294117.600000	977.321335	978.716357	983.222857	996.569728	1042.411316	1186.506737	1224.186026	1289.330532	1310.139251	1330.349381	1350.499198	1369.811973	1388.628987	1407.239091	1425.885035	1438.807750	1458.105716	1485.488711	1514.638831	1544.601925	1575.171403	1605.660680	1636.346023	1666.874685	1697.091245	1727.418625	1757.543551	1787.132658	1816.621636	1845.938482
24823529.400000	1024.348379	1025.863200	1030.585487	1044.667165	1092.596832	1243.467308	1283.008983	1351.315619	1373.338377	1394.306271	1415.713504	1435.737424	1455.403666	1475.076186	1494.357755	1507.982417	1528.319472	1556.814429	1587.393313	1618.884861	1650.602264	1682.788411	1714.809706	1746.642746	1778.528382	1810.061602	1841.669852	1872.592355	1903.472086	1934.184419
25352941.200000	1073.623067	1075.228262	1080.200826	1095.027110	1145.149768	1303.200500	1344.565627	1416.610813	1439.434164	1461.552306	1483.909555	1504.780511	1525.612924	1545.931082	1566.369463	1580.624009	1601.655592	1631.755822	1663.677294	1696.511918	1730.003470	1763.506335	1796.944179	1830.496352	1863.705341	1896.683517	1929.895486	1962.106011	1994.447084	2026.622141
25882352.900000	1125.260594	1126.934706	1132.184315	1147.759825	1200.241252	1366.011516	1409.260523	1484.867579	1508.786738	1532.028842	1555.302421	1577.408947	1598.920686	1620.501883	1641.706896	1656.596176	1678.887670	1710.172466	1743.586590	1778.157337	1813.042063	1848.041537	1883.269278	1918.259814	1952.934473	1987.630315	2022.303927	2056.043273	2089.849778	2123.516851
26411764.700000	1179.366511	1181.108936	1186.641778	1203.109122	1258.091296	1431.706449	1477.112758	1556.359609	1581.603125	1605.774887	1630.388444	1653.277361	1676.124636	1698.398010	1720.843144	1736.424288	1759.627833	1792.431329	1827.530172	1863.586232	1900.038807	1936.889607	1973.667011	2010.230739	2046.584382	2082.907905	2119.164626	2154.511954	2189.877588	2225.110640
26941176.500000	1236.037939	1237.848056	1243.670587	1261.190589	1318.741338	1500.376163	1547.969836	1631.516614	1657.804473	1683.315372	1708.936099	1733.112860	1756.819505	1780.403120	1803.625189	1820.095435	1844.331787	1878.790574	1915.428387	1953.113003	1991.440519	2029.965906	2068.421192	2106.679639	2144.781799	2182.773612	2220.723326	2257.709171	2294.744522	2331.624967
27470588.200000	1295.366710	1297.270052	1303.492158	1322.039299	1382.210618	1572.718488	1622.600717	1710.175485	1737.849040	1764.522768	1791.391788	1816.710268	1841.573855	1866.232003	1890.638346	1907.743269	1933.282743	1969.267884	2007.580633	2047.095293	2087.243822	2127.541235	2167.790102	2207.853086	2247.697737	2287.462395	2327.204700	2365.934795	2404.688268	2443.277162
28000000.000000	1357.623089	1359.725551	1366.350645	1385.716226	1448.557779	1648.232437	1700.532750	1792.710913	1821.801746	1849.605050	1877.948210	1904.301877	1930.515693	1956.200326	1981.889449	1999.679825	2026.504701	2064.148520	2104.258704	2145.677501	2187.683062	2229.862306	2272.009460	2313.976383	2355.677910	2397.189143	2438.814478	2479.453871	2519.923792	2560.310862
28529411.800000	1422.925208	1425.149971	1432.041142	1452.374485	1518.471163	1727.707368	1782.525588	1879.388997	1909.759853	1939.057414	1968.659451	1996.283609	2023.750928	2050.617461	2077.563524	2096.231750	2124.271920	2163.691811	2205.710116	2249.040348	2292.993923	2337.154387	2381.294635	2425.255631	2468.952602	2512.399378	2555.856265	2598.422559	2640.790507	2683.048249
29058823.500000	1491.168006	1493.461688	1500.764519	1522.581893	1591.515188	1810.835397	1868.374979	1970.226923	2002.019124	2032.840192	2063.811172	2092.817243	2121.551684	2149.706821	2177.919565	2197.464187	2226.831811	2268.134088	2312.160685	2357.529176	2403.464170	2449.642402	2495.841750	2541.879512	2587.650159	2633.167133	2678.700554	2723.165014	2767.481596	2811.738559
29588235.300000	1562.820091	1565.259151	1573.061826	1595.824100	1668.241586	1897.979851	1958.343687	2065.509648	2098.866131	2131.200384	2163.662769	2194.048629	2224.159131	2253.672713	2283.188229	2303.695231	2334.409936	2377.691031	2423.816692	2471.345530	2519.464361	2567.808476	2616.142396	2664.291471	2712.162137	2759.769288	2807.398349	2853.996021	2900.389767	2946.719330
30117647.100000	1637.885267	1640.391316	1648.569581	1672.862228	1748.487276	1989.518716	2052.706384	2165.495635	2200.509237	2234.384862	2268.446284	2300.246366	2331.802204	2362.809985	2393.589934	2415.208697	2447.212137	2492.559567	2540.866557	2590.633963	2641.010804	2691.618267	2742.212335	2792.615032	2842.727267	2892.565243	2942.424508	2991.225923	3039.725895	3088.198282
30647058.800000	1716.439538	1719.245874	1727.947556	1753.385072	1832.878197	2085.454181	2151.717017	2270.417423	2307.178114	2342.618280	2378.371242	2411.773041	2444.688006	2477.281099	2509.512368	2532.141329	2565.736519	2613.174157	2663.742932	2715.854168	2768.600870	2821.582791	2874.543031	2927.297669	2979.740523	3031.888831	3084.056286	3135.078423	3185.767364	3236.478133
31176470.600000	1798.661698	1801.591207	1810.865952	1838.005097	1921.237519	2186.039622	2255.573568	2380.465177	2419.123046	2456.233042	2493.641187	2528.761520	2563.265317	2597.273008	2631.163089	2654.752049	2689.981747	2739.672752	2792.598782	2847.112667	2902.319677	2957.808985	3013.262616	3068.491726	3123.382785	3177.952930	3232.471179	3285.858382	3338.924377	3392.018266
31705882.400000	1884.995131	1888.044364	1897.806090	1926.708107	2013.852397	2291.504590	2364.547318	2495.855545	2536.505606	2575.528936	2614.718627	2651.380285	2687.633407	2723.360243	2758.720240	2783.539014	2820.404560	2872.434329	2927.869146	2984.951343	3042.706541	3100.708005	3158.761821	3216.496017	3273.923752	3331.035197	3388.159142	3444.029926	3499.520899	3555.078995
32235294.100000	1975.401916	1978.625647	1989.017601	2019.529369	2110.985826	2402.095887	2478.804521	2617.094572	2659.677969	2700.522002	2741.687027	2780.257937	2818.154353	2855.498708	2892.597387	2918.599936	2957.150222	3011.647243	3069.713795	3129.480183	3189.935857	3250.623514	3311.344161	3371.795729	3431.890682	3491.628473	3551.369763	3609.841102	3667.857728	3725.986672
32764705.900000	2069.912078	2073.484581	2084.501903	2116.819033	2212.864528	2518.188354	2598.486816	2744.172244	2788.953167	2831.866366	2874.995308	2915.355306	2955.020257	2994.204691	3033.104886	3060.263354	3100.635229	3157.698345	3218.418087	3280.983440	3344.288496	3407.865529	3471.366229	3534.635744	3597.482421	3659.984983	3722.473904	3783.651279	3844.307461	3905.118720
33294117.600000	2168.971218	2172.688942	2184.432342	2218.841169	2319.683767	2639.813744	2724.209413	2877.625685	2924.616136	2969.584952	3014.791789	3057.066239	3098.672075	3139.742918	3180.467090	3208.856909	3251.168625	3310.887512	3374.470960	3439.957401	3506.196482	3572.706283	3639.165027	3705.336447	3771.082685	3836.453109	3901.810915	3965.794273	4029.205175	4092.822068
33823529.400000	2269.504509	2276.638664	2289.137665	2325.807568	2431.661538	2767.420205	2855.880562	3017.553453	3066.864008	3114.048316	3161.456843	3205.734343	3249.354134	3292.337671	3334.964505	3364.774371	3409.083097	3471.557985	3538.134784	3606.639211	3675.945317	3745.534285	3815.049638	3884.267974	3953.024281	4021.377464	4089.742438	4156.670232	4222.935795	4289.469069
34352941.200000	2129.060565	2385.490443	2398.732447	2437.658629	2548.994912	2901.090531	2994.017929	3164.323982	3216.005873	3265.543521	3315.265940	3361.716256	3407.420677	3452.415240	3497.052854	3528.259954	3574.632430	3640.049306	3709.703291	3781.381308	3853.884637	3926.672285	3999.372522	4071.758119	4143.672221	4215.150133	4286.621263	4356.614943	4425.857627	4495.439567
34882352.900000	2079.264040	2499.234853	2513.486966	2554.884225	2672.150680	3041.301144	3138.806626	3318.153586	3372.506304	3424.469215	3476.589054	3525.264478	3573.137766	3620.267207	3667.016214	3699.663672	3748.207023	3816.662268	3889.538859	3964.528407	4040.368198	4116.489586	4192.517465	4268.202286	4343.387684	4418.114000	4492.830979	4566.014686	4638.370004	4711.136603
35411764.700000	2066.156012	2618.374322	2633.618501	2677.847057	2801.089867	3188.236942	3290.482624	3479.500099	3536.592750	3591.116914	3645.723273	3696.733437	3746.865720	3796.222537	3845.144615	3879.333844	3930.132123	4001.742491	4077.978917	4156.418492	4235.735199	4315.331463	4394.824354	4473.943983	4552.545948	4630.665171	4708.769104	4785.297085	4860.880079	4936.964048
35941176.500000	2067.171043	2742.895405	2759.168411	2806.294395	2936.300355	3342.122099	3449.444980	3648.618816	3708.573709	3765.750204	3822.985265	3876.430927	3928.933583	3980.608569	4031.806694	4067.584819	4120.731892	4195.662428	4275.390633	4357.423092	4440.355995	4523.567810	4606.680684	4689.393127	4771.549903	4853.195587	4934.832583	5014.835085	5093.789344	5173.340799
36470588.200000	2073.484887	2873.025669	2890.437652	2940.810627	3077.938148	3503.304044	3615.928213	3825.814396	3888.780518	3948.705856	4008.715493	4064.720487	4119.663607	4173.762565	4227.332926	4264.772220	4320.372065	4398.744691	4482.127828	4567.901202	4654.598988	4741.594162	4828.460607	4914.918935	5000.785276	5086.129369	5171.433846	5255.091301	5337.553819	5420.962982
37000000.000000	2082.546064	3008.997172	3027.729809	3081.612564	3226.167699	3672.067713	3790.194683	4011.423196	4077.477252	4140.342395	4203.223743	4261.877555	4319.407203	4376.026282	4432.075886	4471.239461	4529.401477	4611.373175	4698.549631	4788.225015	4878.856480	4969.785363	5060.580949	5150.934212	5240.689523	5329.865234	5419.021146	5506.939415	5593.684546	5680.985599
37529411.800000	2092.808854	3150.767011	3170.886188	3228.500928	3381.435351	3848.649980	3972.566795	4121.860566	4275.023500	4340.965311	4406.866217	4468.260583	4528.498102	4587.748539	4646.387356	4687.357646	4748.186435	4833.887728	4925.038306	5018.773016	5113.517562	5208.557976	5303.440707	5397.876655	5492.038606	5586.417441	5679.273775	5769.646800	5860.158534	5951.474760
38058823.500000	2102.150001	3298.762706	3320.363118	3382.215860	3543.896115	4033.323675	4163.281240	4283.774053	4481.746760	4550.906563	4619.965405	4684.232260	4747.299561	4809.273971	4870.629118	4913.480192	4977.086536	5066.689134	5161.997822	5259.964771	5358.988059	5458.328874	5558.840488	5657.620899	5754.299127	5852.825735	5949.787745	6045.110440	6139.193040	6234.424352
38588235.300000	2107.570675	3452.818340	3476.078495	3542.431375	3713.800556	4226.375851	4362.625725	4488.955894	4697.981494	4770.514361	4842.828541	4910.136385	4976.143614	5040.982369	5105.170528	5149.977096	5216.509878	5310.173779	5409.801483	5512.955529	5617.301337	5720.152792	5824.222647	5927.373695	6029.261131	6131.773612	6232.643269	6333.172165	6430.823942	6530.027029
39117647.100000	2113.120032	3613.223127	3638.321285	3709.722583	3891.407497	4428.028886	4570.905923	4703.344996	4924.048159	5000.062880	5075.840415	5146.336162	5215.404701	5283.251475	5350.386222	5397.248274	5466.812109	5566.150038	5670.206853	5776.414936	5885.380632	5992.787600	6102.151997	6209.460128	6316.784533	6423.275301	6529.121581	6634.340356	6736.701570	6840.510347
39647058.800000	2118.725486	3779.995496	3807.066777	3883.764946	4076.876892	4638.561277	4788.314695	4927.162343	5160.233201	5239.965814	5319.370355	5393.208964	5465.471754	5537.574149	5608.261606	5657.115283	5728.887664	5831.957598	5940.643691	6052.447533	6165.822862	6278.647253	6392.575518	6504.237485	6617.195422	6727.681079	6839.542429	6948.791855	7056.054405	7164.960378
40176470.600000	2124.357910	3952.837413	3982.192459	4065.136094	4270.482464	4858.218851	5015.223588	5160.763526	5406.931656	5490.915258	5575.242347	5652.532555	5727.229715	5801.881414	5875.745995	5926.805298	6001.971690	6110.146953	6223.259016	6340.892394	6458.699060	6577.612163	6695.835642	6813.724405	6930.823579	7046.913987	7163.543039	7277.286872	7389.366281	7503.368963
40705882.400000	2130.009157	4132.001043	4163.945133	4253.311962	4472.393039	5087.243711	5251.822421	5404.423790	5665.852211	5752.359865	5840.675746	5921.526045	5999.783624	6078.465280	6155.420439	6208.596091	6288.108548	6400.653031	6518.910747	6642.079075	6764.864256	6889.712238	7012.672393	7136.752042	7258.257177	7380.818898	7501.479065	7622.240664	7739.215359	7858.367882
41235294.100000	2135.669660	4317.355796	4352.200761	4448.782509	4682.832448	5325.930231	5498.926324	5659.781995	5934.389895	6025.954601	6118.121627	6202.481624	6285.295435	6367.242984	6447.320423	6502.729517	6586.954901	6703.803385	6828.619361	6956.308868	7085.967766	7215.259874	7345.241030	7473.591831	7602.238194	7728.876224	7856.804007	7981.713556	8104.229636	8229.173158
41764705.900000	2141.336828	4508.635595	4546.490336	4651.477280	4901.982921	5575.877717	5755.585382	5924.211823	6214.509134	6311.478000	6407.595266	6495.576327	6583.317347	6668.530289	6751.830912	6811.340291	6898.727465	7020.613121	7151.635152	7285.045791	7420.771653	7556.336678	7691.880189	7826.905849	7960.625753	8094.199070	8226.860152	8358.810120	8486.788432	8617.544314
42294117.600000	2147.007645	4705.529477	4746.894660	4860.931378	5130.016617	5834.322087	6023.366272	6199.724127	6506.720134	6609.268787	6709.409939	6802.738402	6894.103438	6982.633691	7071.391314	7133.094065	7223.691578	7352.641165	7488.266470	7629.247958	7770.194842	7912.882230	8054.504844	8195.740349	8336.211826	8475.171540	8615.205601	8752.076897	8886.008665	9023.062873
42823529.400000	2151.808221	4907.663392	4953.115185	5077.403408	5366.866961	6103.631717	6302.238241	6486.471085	6812.693646	6919.617619	7024.672411	7123.050925	7217.949892	7311.817524	7404.391438	7468.325574	7564.181579	7698.528086	7841.604068	7987.687009	8136.738954	8285.029833	8433.856300	8581.804085	8728.217952	8874.844813	9020.301777	9165.135807	9305.250460	9448.844275
43352941.200000	2155.595125	5114.534714	5164.775177	5300.676488	5614.178194	6383.670266	6592.409527	6785.808174	7131.279422	7242.680696	7354.464833	7456.644543	7556.908360	7655.214527	7751.257687	7819.423677	7919.622069	8060.335638	8209.777503	8363.935429	8518.623444	8674.954957	8830.581739	8984.912818	9139.449771	9292.072463	9445.207449	9596.693671	9743.410334	9900.664722
43882352.900000	2159.384162	5325.615929	5381.391074	5531.314688	5868.550535	6674.731584	6893.984365	7097.601547	7462.794570	7581.331305	7697.718897	7805.464880	7910.757230	8012.943077	8115.253270	8185.839080	8290.579527	8438.375372	8595.358710	8755.747508	8919.191715	9082.455030	9244.835523	9407.844859	9568.997546	9728.936832	9889.832056	10068.601919	10285.865492	10508.406375
44411764.700000	2163.174276	5541.050585	5603.619874	5766.784348	6132.498631	6976.871282	7207.310416	7421.578751	7809.327722	7933.860890	8056.363357	8169.705654	8279.571714	8388.084171	8493.845154	8568.714158	8678.812145	8833.624574	8997.326143	9166.927472	9337.575204	9508.105960	9679.561404	9849.813271	10026.065993	10265.613456	10501.462553	10731.374320	10948.834102	11172.074346
44941176.500000	2166.965028	5756.882255	5827.271068	6008.507781	6405.291407	7291.687836	7533.461610	7758.212954	8170.582499	8301.613314	8430.800668	8549.587177	8665.728312	8778.714690	8891.015839	8968.487077	9084.355429	9246.117523	9419.153478	9596.330388	9774.801813	9954.500706	10190.378085	10441.627127	10687.117049	10927.238204	11163.597070	11393.962012	11611.803441	11835.743700
45470588.200000	2170.756388	5974.903908	6053.882764	6255.561676	6687.173069	7619.055135	7873.262933	8109.994905	8547.078664	8685.654525	8821.578585	8946.634117	9068.601936	9187.653424	9305.043078	9387.117289	9507.661516	9678.653909	9859.692663	10064.168970	10330.302973	10592.636905	10850.097765	11102.022709	11348.165607	11588.862548	11825.731436	12056.550116	12274.773509	12499.414445
46000000.000000	2174.548283	6190.523632	6281.455730	6507.262220	6978.196845	7958.307175	8225.603521	8474.780331	8940.223458	9086.582953	9229.275667	9361.598302	9489.043116	9614.922244	9737.748710	9824.180616	9951.349179	10184.980788	10451.824165	10721.082460	10988.274178	11251.508023	11509.763974	11762.416929	12009.213175	12250.479359	12487.859758	12719.138512	12937.744304	13163.086559
46529411.800000	2178.340591	6208.752481	6508.796748	6763.058477	7279.028168	8311.372708	8593.021381	8855.500554	9350.375319	9504.294981	9655.970429	9794.438881	9929.486973	10086.472221	10270.008911	10396.593379	10582.222833	10839.289741	11107.472624	11377.923133	11646.160183	11910.366841	12169.410755	12422.809690	12670.228054	12912.054046	13149.950285	13381.689030	13600.715784	13826.759968
47058823.500000	2182.133154	6208.752481	6733.503517	7021.197895	7589.227179	8678.119990	8974.107633	9250.596724	9758.616517	9941.512147	10142.516386	10348.167697	10545.421954	10735.572587	10920.632211	11048.129047	11234.975786	11493.596099	11763.084548	12034.760917	12304.043613	12569.153517	12829.055773	13083.157967	13331.219291	13573.628155	13812.040654	14044.238388	14263.688022	14490.434836
47588235.300000	2185.925983	6207.747990	6952.494473	7281.325890	7908.040957	9058.954121	9371.349894	9663.079590	10010.448121	10554.710913	10785.144844	10993.316610	11192.653206	11384.642031	11571.179153	11699.612884	11887.708582	12147.746936	12418.693711	12691.546402	12961.916368	13227.937937	13488.662062	13743.486428	13992.209528	14235.201696	14474.130990	14706.788032	14926.660996	15154.111091
48117647.100000	2189.719045	6208.186370	7162.214253	7540.987756	8235.314410	9454.487667	9783.490716	10127.160004	10561.952451	11193.494195	11427.441499	11638.341916	11839.833354	12033.510483	12221.560363	12350.928237	12540.268618	12801.892621	13074.173202	13348.268865	13619.700879	13886.720116	14148.233137	14403.813495	14653.188077	14896.741128	15136.193854	15369.322570	15589.634684	15817.303374
48647058.800000	2193.512288	6208.752486	7356.296016	7798.270447	8572.146165	9865.711544	10293.375638	10735.064435	11177.763212	11831.665163	12069.447017	12283.048707	12486.730874	12682.298051	12871.933765	13002.243104	13192.827214	13455.978622	13729.646055	14004.988530	14277.482832	14545.418952	14807.802288	15064.114839	15314.121259	15558.264386	15798.239633	16031.832660	16252.609082	16480.262937
49176470.600000	2197.305695	6208.752479	7513.736334	8050.865238	8916.686474	10400.442862	10891.855671	11341.993661	11792.844809	12469.484289	12711.246911	12927.672051	13133.584663	13330.925954	13522.067060	13653.362090	13845.263408	14109.960506	14385.088593	14661.643506	14935.255671	15204.115452	15467.348300	15724.376750	15975.053405	16219.787163	16460.285323	16694.343046	16915.584212	17143.223255
49705882.400000	2200.676247	6208.752488	7521.320586	8295.044801	9268.332126	10988.701083	11489.349714	11948.038085	12407.174302	13106.991034	13352.590233	13571.913210	13780.138959	13979.424312	14172.201253	14304.452024	14497.625254	14763.940007	15040.422784	15318.246074	15592.937294	15862.809606	16126.842581	16384.637164	16635.984532	16881.298266	17122.326723	17356.853716	17578.560003	17806.184201
50235294.100000	2202.991674	6208.752479	7517.475476	8527.705140	9627.712312	11575.799996	12085.850713	12553.202500	13020.777182	13743.775041	13993.783964	14216.104551	14426.651414	14627.802538	14822.141261	14955.422032	15149.954205	15417.796636	15695.754254	15974.845819	16250.616248	16521.429768	16786.334924	17044.891415	17296.870009	17542.770112	17784.327316	18019.332147	18241.536625	18469.146001
50764705.900000	2205.307195	6208.732463	7512.334720	8744.215922	9992.835705	12161.869260	12681.174813	13157.475681	13633.641351	14380.193289	14634.514060	14859.872161	15072.852578	15276.004259	15472.021916	15606.281789	15802.115152	16071.609289	16351.022181	16631.367763	16908.287664	17180.037017	17445.820175	17705.085778	17957.743369	18204.241333	18446.327750	18681.802765	18904.513892	19132.108517
51294117.600000	2207.622807	6208.752480	7517.506846	8940.494072	10467.249214	12746.915038	13275.456377	13760.846900	14245.754606	15016.230491	15274.977425	15503.560204	15719.007617	15924.123184	16121.771252	16257.099018	16454.274760	16725.397507	17006.212588	17287.848466	17565.864685	17838.641907	18105.236535	18365.278649	18618.615686	18865.711931	19108.328048	19344.273607	19567.491865	19795.071780
51823529.400000	2209.938492	6208.752481	7518.676669	9111.657980	10929.097323	13330.713204	13868.726992	14363.263235	14857.105045	15651.498283	15915.153288	16146.884836	16364.845318	16572.020159	16771.392122	16907.723434	17106.290712	17379.040099	17661.400252	17944.326355	18223.439136	18497.182384	18764.650956	19025.470029	19279.464133	19527.144078	19770.302773	20103.708872	20484.404118	20871.598056
52352941.200000	2212.254244	6208.752480	7516.483752	9255.114922	11373.627211	13913.502141	14460.983589	14964.633509	15467.680704	16138.909624	16554.836682	16790.040587	17010.625729	17219.869285	17420.944512	17558.348022	17758.245351	18032.680528	18316.489240	18600.712615	18881.007471	19155.699200	19424.063441	19685.611608	19990.460634	20411.349008	20825.333429	21228.571217	21611.376801	21999.019395
52882352.900000	2214.570063	6208.752481	7518.252547	9370.022894	11798.061694	14495.300004	15052.056525	15565.067463	16077.469515	16548.361382	17194.311233	17432.907708	17656.089117	17867.453492	18070.299323	18208.767234	18410.145509	18686.228946	18971.533380	19257.069588	19538.478504	19814.213623	20231.783149	20675.746093	21108.974385	21532.126773	21948.207176	22353.369421	22738.311314	23126.401379
53411764.700000	2216.885914	6208.752483	7521.321884	9458.939834	12202.388319	15076.045358	15642.060159	16164.556466	16686.460029	17165.517881	17833.286540	18075.499838	18301.476489	18515.021841	18719.648349	18859.151175	19061.890706	19339.696007	19626.574892	19944.430628	20420.054389	20887.383096	21344.855436	21791.576493	22227.279317	22652.738474	23070.932093	23478.022899	23865.207859	24253.744212
53941176.500000	2219.201813	6208.752484	7519.401193	9525.682544	12584.488929	15655.682951	16231.047645	16763.092336	17294.611638	17782.021696	18471.892569	18717.893874	18946.554237	19162.284662	19368.730333	19509.403144	19713.635028	20077.478796	20561.296508	21046.783988	21526.332560	21997.194947	22457.692634	22907.237903	23345.514819	23773.259748	24193.577844	24602.617365	24992.066454	25381.047907
54470588.200000	2221.517755	6208.752487	7518.224212	9529.803400	12944.129009	16234.379317	16819.020452	17360.636032	17901.859379	18397.861624	19110.245422	19359.888510	19591.528525	19809.552575	20117.251205	20353.623286	20697.691936	21170.140692	21659.034244	22148.935358	22632.438280	23106.693261	23570.419132	24022.735988	24463.527687	24893.617526	25316.071961	25727.060237	26118.887419	26508.312703
55000000.000000	2223.833734	6208.752482	7518.687098	9570.378305	13281.904012	16812.152010	17405.821208	17957.060711	18508.269288	19013.026055	19747.919108	20088.421198	20476.985643	20844.041182	21195.811960	21435.706551	21784.434140	22262.428232	22756.376826	23250.772255	23738.189518	24216.066332	24682.871356	25138.085252	25581.474362	26013.880524	26438.488303	26851.449589	27245.670842	27635.538846
55529411.800000	2226.149757	6208.752481	7520.745493	9664.565660	13599.136687	17388.934251	17991.560818	18552.508843	19113.830404	19627.504019	20715.513446	21144.510264	21541.935495	21916.059619	22273.681618	22517.200555	22870.705924	23354.362439	23853.345181	24352.289424	24843.781245	25325.163089	25795.223237	26253.247762	26699.200696	27133.982127	27560.749730	27975.680366	28372.416863	28762.726315
56058823.500000	2228.465800	6208.752480	7520.965461	9738.431462	13897.710665	17964.732638	18576.302309	19146.975334	19718.531833	20463.249164	21757.465797	22198.969925	22605.698033	22987.173446	23350.843971	23598.093821	23956.270839	24445.742353	24950.043412	25453.600757	25949.068328	26434.083455	26907.311601	27368.281981	27816.852878	28253.984963	28682.935106	29099.863681	29500.742169	29897.470202
56588235.300000	2230.781871	6208.569045	7519.133017	9809.388925	14181.290597	18539.678522	19160.053321	19740.456017	20584.128614	21438.691428	22796.952064	23251.721229	23668.228192	24057.354691	24427.281910	24678.241626	25041.324700	25536.703485	26046.283098	26554.488164	27054.121586	27542.782411	28019.273204	28483.105521	28934.293364	29373.828276	29804.961928	30277.846426	30834.009150	31375.939666
57117647.100000	2233.097963	6208.752485	7518.962312	9916.887163	14453.882394	19113.795199	19742.692442	20591.414935	21532.042663	22410.788298	23400.000189	24302.679289	24729.477294	25126.573893	25502.956957	25757.654265	26125.878903	26627.294767	27142.186596	27655.148439	28158.955534	28651.244057	29131.005575	29597.821724	30051.648482	30648.490974	31246.658274	31829.271810	32391.621506	32935.250332
57647058.800000	2235.414078	6208.752484	7525.605807	10010.791706	14719.505320	19687.098167	20570.284747	21509.271838	22475.930587	23379.468533	24239.773426	25351.751875	25789.393405	26194.799783	26577.670053	26836.420873	27209.870481	27717.349474	28237.810809	28755.513092	29263.461907	29759.540943	30301.881289	30946.722034	31575.502806	32189.411911	32792.828832	33380.291344	33949.025945	34494.346410
58176470.600000	2237.730223	6208.670505	7525.602395	10138.960944	14981.979176	20462.436197	21461.550974	22422.869842	23415.741505	24344.663490	25228.128542	26398.839147	26847.920951	27261.944475	27651.596615	27914.527434	28293.145169	28806.927119	29332.913587	29855.509885	30471.713504	31155.517991	31823.680771	32475.241328	33110.175347	33729.758486	34338.472446	34930.838471	35506.223572	36053.229261
58705882.400000	2240.046378	6208.752480	7541.704724	10265.231714	15244.713121	21317.112270	22349.071688	23332.270507	24351.341143	25306.155928	26213.552870	27443.832777	27905.000313	28327.917973	28724.715504	28991.941949	29375.887640	29896.116520	30550.981251	31269.785444	31976.960126	32669.057567	33344.728723	34003.176884	34644.326090	35269.634818	35883.690322	36480.998047	37062.303949	37611.900063
59235294.100000	2242.362550	6208.752482	7585.472300	10427.510259	15467.335228	22153.337383	23233.030394	24237.553090	25282.836144	26263.929226	27196.073849	28486.614797	28960.567515	29392.793454	29797.004476	30071.019539	30588.866336	31302.821750	32035.221897	32764.679414	33481.227893	34181.835785	34865.075725	35530.462088	36177.953609	36809.040332	37428.482350	38030.769820	38616.681127	39170.360021
59764705.900000	2244.678738	6208.832030	7679.059894	10591.344705	15709.947731	22970.209931	24113.625170	25138.815327	26210.223082	27218.034719	28175.462447	29527.056456	30014.553522	30582.455698	31136.335984	31509.376266	32045.873225	32773.526807	33518.197451	34258.521643	34984.602821	35693.847733	36384.752928	37057.091835	37710.958670	38347.924359	38972.779410	39580.059263	40170.609975	40801.824039
60294117.600000	2246.994941	6208.752484	7791.616003	10775.020969	15983.143980	23765.899205	24990.974049	26036.172508	27133.511414	28168.421740	29151.595798	30368.614923	31391.040057	32001.015709	32570.259324	32952.589562	33500.905907	34242.652546	34999.889685	35751.256954	36487.077007	37205.023135	37903.757050	38583.127398	39243.404448	39886.259524	40516.596634	41245.489318	41992.847044	42701.333030
60823529.400000	2249.311167	6209.583129	7912.758348	10982.572057	16283.448826	24540.904967	25859.030640	26929.757496	28052.724976	29115.046032	30138.106868	31273.188237	32784.760200	33415.588894	34001.389101	34393.199872	34953.917395	35710.169044	36480.279595	37242.855208	37988.642676	38715.353243	39422.073443	40108.566535	40801.904653	41612.397220	42409.106350	43184.867505	43940.596102	44657.481609
61352941.200000	2251.035971	6209.379937	8041.981596	11187.999669	16607.894150	25295.345174	26711.237764	27819.719376	28967.902310	30057.870962	31382.250780	32557.796897	34173.105807	34826.501849	35429.635108	35831.297024	36404.858597	37176.045296	37959.347378	38733.362160	39489.291709	40224.897161	41005.486544	41869.581069	42711.044852	43531.948087	44338.392591	45123.204528	45887.379574	46613.070186
61882352.900000	2252.509123	6211.951258	8178.566124	11412.897283	16931.903627	26027.883745	27546.723497	28706.222264	29879.097288	31242.070399	32619.446555	33835.126917	35555.936403	36233.607859	36854.611363	37266.806691	37853.678136	38640.249069	39437.072914	40222.765007	41065.082076	41988.984381	42889.430781	43765.961445	44618.832007	45450.264345	46266.546140	47060.496444	47833.194132	48568.103008
62411764.700000	2253.982277	6215.152370	8320.225995	11655.648295	17223.572761	26741.203020	28365.033172	29589.278178	30964.617747	32423.931185	33847.830325	35105.012439	36932.429366	37635.996242	38276.346126	38699.650082	39300.321935	40102.746480	40969.893358	41954.536723	42918.022513	43857.364348	44771.698483	45660.837824	46525.258078	47367.339571	48193.561588	48996.739114	49778.036624	50522.584218
62941176.500000	2255.455450	6234.148786	8468.414576	11899.648055	17539.841385	27434.989762	29166.004637	30562.387939	32093.490439	33596.336761	35067.866657	36367.519337	37880.724106	39034.141642	39694.847464	40129.744888	40761.766753	41765.308904	42782.939171	43787.765605	44768.783191	45723.838197	46652.276397	47554.200234	48430.315066	49283.167553	50119.434315	50931.928272	51734.899795	52633.222872
63470588.200000	2256.928633	6290.792920	8622.529228	12157.712934	17878.079803	28112.188462	29949.538895	31632.844056	33213.745390	34759.842461	36279.270496	37622.522483	38852.086119	40427.646836	41204.226587	41748.889693	42521.059242	43551.719880	44592.936197	45618.409219	46617.338594	47588.387558	48531.151109	49446.038370	50333.995100	51197.741654	52116.612355	53092.525127	54043.204043	54957.327911
64000000.000000	2258.401826	6404.989088	8783.203294	12430.500114	18234.144278	28774.824816	30836.280774	32674.169951	34326.413552	35914.443817	37481.775258	38869.729479	40139.191629	42051.934628	42913.542716	43478.442776	44275.338347	45334.358662	46399.833980	47446.271974	48463.663638	49450.993771	50408.308351	51336.341237	52342.247281	53378.406105	54395.894210	55385.843522	56349.648903	57280.382110
64529411.800000	2259.875016	6522.996896	8949.693990	12707.454076	18562.869044	29424.768364	31719.243620	33684.974631	35431.517284	37060.206399	38675.806659	40108.918252	41554.208398	43714.838450	44615.167870	45201.268281	46024.396850	47112.622725	48203.579088	49271.490812	50307.732289	51311.638031	52395.689786	53507.297373	54587.795418	55640.283736	56673.022945	57677.161367	58654.226743	59602.395065
65058823.500000	2261.348225	6642.548775	9120.768282	12993.333556	18911.475744	30065.861647	32575.386531	34667.329792	36529.573424	38197.782944	39861.075809	41453.108836	43052.224478	45163.571691	46308.612429	46917.427968	47767.845303	48886.854341	50003.825438	51094.027808	52235.167129	53435.724613	54601.087058	55732.347770	56830.791720	57899.818151	58947.987612	59966.469938	60956.930090	61920.906756
65588235.300000	2262.821441	6763.119390	9296.334882	13291.997667	19292.829239	30787.488469	33408.545764	35621.086396	37611.585753	39326.940539	41095.028929	42877.308640	44536.907079	46143.725541	47992.488732	48625.793302	49505.823822	50657.025245	51825.204911	53127.157180	54390.795922	55615.895665	56803.359683	57954.578765	59071.220515	60156.996755	61220.777579	62253.760350	63285.967691	64409.929986
66117647.100000	2264.294664	6886.484231	9478.497412	13595.436856	19650.167782	31504.478570	34222.965429	36549.154172	38667.286846	40448.338549	42441.295349	44287.151198	46008.633621	47593.136895	49666.913430	50326.807239	51237.615064	52546.305248	53915.079954	55249.854543	56542.166143	57792.530074	59002.481655	60173.970131	61309.038495	62411.764150	63553.424267	64756.806203	65928.179307	67069.269695
66647058.800000	2265.767894	7009.905921	9667.669447	13905.153300	20097.490876	32218.097851	35023.021503	37454.472416	39697.369652	41689.684731	43773.379721	45682.722943	47467.168748	49109.210849	51331.157148	52074.774876	53166.748283	54589.241795	55998.330525	57367.642819	58689.461588	59965.503518	61198.261210	62390.303301	63612.412873	64895.733403	66154.217994	67377.341091	68567.171781	69725.601190
67176470.600000	2267.241119	7135.984508	9861.458925	14226.472022	20532.424765	32932.310817	35812.985542	38339.849451	40709.988366	42951.252056	45091.838416	47064.033237	48911.922815	50613.377130	53041.544424	54009.238037	55149.771094	56623.923351	58075.603623	59480.202062	60832.142816	62134.551739	63435.778351	64821.551078	66165.237978	67471.621047	68751.588137	69994.679998	71203.167797	72379.102915
67705882.400000	2268.714361	7263.439412	10076.510558	14550.415879	21028.654648	33650.266655	36596.193889	39208.077213	41802.424541	44193.729957	46396.687604	48430.956752	50343.467718	52161.145964	54162.843342	55927.902268	57121.181853	58649.996500	60146.117164	61587.511466	62970.568711	64469.657339	65931.141993	67344.832223	68713.891943	70043.620950	71345.408236	72608.760254	73836.156309	75039.659384
68235294.100000	2270.187608	7391.527241	10310.894292	14881.162776	21527.167515	34372.910897	37376.044449	40063.681190	42865.895365	45401.067004	47689.217907	49784.265295	51773.893905	53818.867968	55720.883114	57829.348926	59080.280765	60667.502998	62210.086949	63771.609842	65379.497667	66927.779298	68420.977638	69863.213994	71258.194678	72611.688404	73935.554789	75252.591570	76654.940338	78020.212529
68764705.900000	2271.660860	7525.201220	10565.009600	15222.949500	22062.176900	35103.238600	38156.296000	40931.812200	43902.478500	46574.684200	48970.250100	51124.357800	53334.488200	55457.704600	57432.991500	59283.262300	61026.282300	62676.080900	64421.247500	66144.379500	67794.995100	69380.159900	70905.841500	72377.132700	73798.421500	75203.310300	76714.895600	78182.445400	79608.857200	80996.713100
69294117.600000	2273.134107	7654.813429	10819.614876	15562.222790	22573.165149	35840.427504	38937.427483	41845.283971	44916.630485	47716.010748	50239.759950	52532.477704	54875.280776	57077.609836	59127.633777	60477.973392	62958.334188	64872.700919	66732.145322	68508.170222	70202.952276	71826.049789	73385.009568	74885.976483	76499.990021	78073.800071	79613.560428	81107.247968	82558.048437	83968.772159
69823529.400000	2274.607369	7790.583972	11083.776919	15912.336487	23117.931166	36586.586455	39722.922325	42753.579012	45913.549375	48829.702659	51494.670065	53977.788002	56396.899931	58678.656745	60804.937952	62205.237114	65083.736181	67102.944507	69031.941413	70863.297276	72603.870083	74266.038389	75965.046276	77678.850981	79334.232594	80938.809904	82507.193130	84027.392405	85502.898656	86936.763039
70352941.200000	2276.080634	7929.931899	11358.837575	16265.862495	23661.900218	37322.277027	40513.603959	43660.574358	46897.904043	49919.553134	52814.969151	55406.425771	57899.903693	60260.986437	62464.824712	63998.576464	67198.562138	69317.319509	71320.232522	73209.543400	75002.748967	76900.050051	78720.637994	80472.527599	82162.238141	83798.143500	85395.518214	86942.551207	88562.806646	90180.060409
70882352.900000	2277.553897	8067.391329	11636.842263	16623.711509	24217.625139	38023.906031	41360.856909	44569.354329	47874.006279	50989.646767	54110.327940	56819.593685	59384.802715	61824.826063	64202.552763	65854.384238	68609.986852	71514.960057	73596.582216	75611.643889	77655.817998	79603.754273	81468.328428	83259.161357	84983.864512	86651.649826	88378.732743	90123.093546	91816.207126	93461.677672
71411764.700000	2279.027150	8211.413263	11919.891343	16989.005865	24787.815728	38759.124436	42229.647054	45480.819093	48845.036145	52070.798490	55371.071206	58218.481380	60852.383875	63395.967955	65973.029746	67687.442891	70095.378032	73694.894310	75955.993579	78191.602883	80298.129462	82298.413530	84208.217109	86038.928218	87847.367732	89727.360664	91562.672365	93339.879261	95063.545273	96737.597449
71941176.500000	2280.500414	8360.720344	12216.684587	17354.191601	25354.576734	39565.770566	43108.020505	46398.142034	49813.776037	53184.973429	56602.338800	59590.757660	62303.579721	65050.716329	67719.806007	69497.976684	71995.715745	75945.420329	78440.901568	80757.900400	82929.443500	84983.881904	86940.214439	88963.252358	90948.971358	92868.108540	94739.592631	96550.102948	98304.725939	100007.721906
72470588.200000	2281.973679	8506.443879	12507.496140	17729.173915	25946.733715	40391.247333	43995.683447	47321.976518	50783.293212	54288.538048	57809.459077	60927.767110	63790.985409	66682.700315	69443.483673	71286.102061	73875.239442	78293.208406	80906.760361	83310.097637	85549.506324	87691.905154	89899.351604	92012.297818	94042.016044	96001.022844	97909.181954	99753.556664	101662.211664	103564.677870
73000000.000000	2283.446945	8659.799696	12813.304382	18101.486944	26523.954975	41218.614416	44852.477770	48252.464987	51763.514927	55386.066344	58997.675288	62233.036260	65320.121539	68293.290976	71144.717739	73052.016561	75796.342165	80611.319864	83352.556169	85847.722590	88237.457206	90622.548145	92888.166217	95051.703762	97126.421392	99126.085977	101147.575658	103207.950466	105203.964343	107140.712806
73529411.800000	2284.920213	8821.600656	13117.271235	18484.394507	27124.636510	42086.497802	45687.502696	49190.920220	52799.631296	56481.126564	60171.938290	63541.053225	66830.402335	69883.727533	72824.078971	74796.371726	77778.319455	82124.747145	85777.780227	88466.639523	91084.430808	93540.383414	95866.006527	98081.474339	100203.746412	102429.340437	104603.918027	106704.552542	108737.842968	110709.339399
74058823.500000	2286.393474	8983.215431	13433.090235	18863.815893	27721.982915	43041.759751	46565.072294	50137.529491	53845.165052	57575.734391	61336.275631	64878.592022	68303.470521	71455.241392	74482.253130	76633.371447	79734.432310	83786.415842	88248.534633	91205.801768	93915.406587	96445.155370	98832.709266	101163.134410	103548.975420	105831.918315	108051.139370	110192.698515	112263.821933	114298.026814
74588235.300000	2287.866746	9148.221472	13746.481647	19253.137388	28330.244179	43906.248843	47475.851089	51092.433319	54897.232291	58673.566146	62493.901770	66195.389972	69741.787543	73009.179442	76187.876278	78455.671342	81664.594071	85860.460001	90800.047667	93923.015899	96729.664899	99336.595031	101863.574356	104383.398418	106876.449433	109224.495462	111489.190137	113672.353129	115858.836570	118053.536764
75117647.100000	2289.340019	9322.740921	14074.397728	19639.843603	28945.579210	44778.530730	48425.918628	52079.277036	55958.020827	59775.128844	63679.343891	67497.240105	71151.225187	74546.985298	77881.573034	80234.349857	83569.133402	87920.282125	93295.963910	96618.080834	99527.145602	102253.588263	104935.884291	107569.316688	110169.010550	112606.997933	114906.667920	117187.480096	119486.745159	121776.458502
75647058.800000	2290.813296	9507.707555	14393.949723	20076.659958	29561.758300	45682.992171	49418.247029	53060.282902	57027.664109	60882.088375	64885.569159	68789.323187	72537.567935	76083.399537	79535.197085	81964.122866	85449.105809	89957.013831	95674.495022	99288.805939	102276.820922	105148.004885	107971.179653	110720.753825	113429.313747	115894.179905	118269.270705	120664.694336	123079.910441	125466.896647
76176470.600000	2292.286564	9692.115673	14728.908260	20568.169451	30204.264779	46616.903697	50414.857657	54046.695227	58106.225981	61995.610156	66083.827012	70075.364025	73905.842460	77572.317534	81150.931339	83653.116860	87302.743026	91934.349485	97235.985264	101809.430726	104967.029104	107995.080866	110967.313290	113834.773089	116518.452404	119096.673241	121590.547518	124101.689137	126630.429475	129076.631339
76705882.400000	2293.759843	9898.730180	15060.166238	21073.916824	30879.461596	47577.836026	51415.142772	55037.746934	59193.754534	63118.072188	67275.602431	71329.598138	75253.040546	79010.592937	82731.407579	85303.266603	89031.665200	93853.675179	98917.099253	104228.764493	107604.383736	110794.926577	113911.162491	116788.996465	119562.722881	122256.615854	124870.591846	127498.649929	130071.318775	132548.505533
77235294.100000	2295.233125	10118.453199	15397.223886	21577.763694	31581.070408	48526.247194	52415.141323	56066.320429	60290.330700	64255.731145	68463.159511	72567.906389	76552.758761	80405.470018	84268.930083	86916.636963	90668.258861	95716.955548	100961.935632	106603.080643	110187.920909	113547.210198	116721.908131	119713.292435	122581.403827	125370.067608	128109.770939	130813.246117	133443.602088	135997.092067
77764705.900000	2296.706408	10356.548923	15747.150587	22090.272689	32269.535479	49439.830413	53397.709192	57132.057634	61342.838080	65389.837664	69646.955343	73798.140358	77828.163101	81763.564671	85745.558650	88438.661076	92270.697532	97525.859032	102892.504703	108928.871020	112716.743406	116221.360624	119506.807264	122609.023078	125574.317709	128459.163150	131322.350322	134098.666011	136797.068865	139422.371920
78294117.600000	2298.179684	10617.568842	16084.191891	22606.631376	32981.287557	50382.506077	54386.715514	58216.472542	62357.610911	66519.573625	70818.502442	75014.568651	79077.116974	83090.725754	87175.852444	89910.658629	93840.850802	99282.136686	104788.007502	111063.783184	115202.819191	118860.952424	122265.361635	125476.082950	128551.375039	131570.533507	134513.754952	137364.136976	140131.674893	142824.552254
78823529.400000	2299.652971	10855.138753	16432.948549	23125.853077	33678.080270	51352.954700	55403.106422	59322.863735	63381.743212	67645.105821	71984.363787	76182.010236	80289.506439	84391.581495	88523.679327	91332.489568	95380.503912	100980.581315	106648.525983	112543.998045	117655.644448	121467.654397	124996.430171	128320.920534	131550.171192	134658.264348	137683.529487	140609.475854	143458.919588	146286.753467
79352941.200000	2301.027145	11122.282769	16792.746742	23651.025456	34396.033772	52334.503314	56434.930013	60458.512148	64441.685882	68766.612945	73145.654357	77344.085580	81494.211648	85670.102208	89843.215570	92721.813527	96891.541104	102632.478305	108474.960811	114116.378564	120065.572953	124042.379219	127700.485886	131192.747830	134523.843702	137722.834673	140831.562080	143853.260289	146830.765163	149730.967090
79882352.900000	2302.371018	11407.217307	17140.042832	24177.480182	35102.462098	53288.137997	57480.920869	61493.322105	65533.323768	69884.297530	74302.208241	78505.378729	82695.560016	86929.872399	91145.681163	94086.080704	98375.924268	104253.805760	110268.567708	116096.091925	122431.965302	126582.283357	130416.975786	134035.738719	137471.445404	140764.177027	143977.338730	147124.564311	150180.280497	153153.845348
80411764.700000	2303.714893	11707.725823	17495.809189	24708.286673	35824.590619	54235.923905	58471.388447	62486.514344	66630.143366	70927.881777	75439.003634	79658.162677	83894.456788	88166.517947	92435.846942	95430.146993	99831.629586	105846.093460	112030.234935	118039.205158	124752.688848	129101.241460	133106.173148	136849.688947	140393.114039	143795.125050	147139.036537	150371.790372	153506.898382	156554.853180
80941176.500000	2305.058759	11962.034183	17861.288760	25243.134726	36540.531846	55192.665441	59458.626744	63488.323696	67722.631818	71986.715613	76558.008937	80812.394169	85091.588845	89394.966631	93717.249124	96758.101997	101250.173883	107410.973242	113760.756642	119947.305753	126758.910036	131597.372783	135760.163044	139633.839040	143293.461910	146836.077184	150274.941843	153594.882231	156810.889308	159954.102970
81470588.200000	2306.402636	12230.630918	18226.239860	25776.793411	37265.100429	56159.237744	60456.710812	64528.171072	68824.636512	73044.827052	77680.802431	81969.349958	86287.478410	90622.699926	94991.950365	98074.889842	102641.939474	108950.173027	115455.341794	121821.159806	128274.362337	134049.742938	138379.738724	142388.377273	146198.956342	149848.772361	153385.205155	156794.180099	160111.590648	163362.584221
82000000.000000	2307.746514	12514.324070	18584.947758	26321.940744	37990.126467	57106.636343	61452.674895	65569.398858	69941.721101	74109.121775	78806.098555	83129.246101	87481.924273	91850.529383	96262.466527	99381.911050	104013.902098	110465.501311	117117.907938	123661.018742	129906.713200	136457.524262	140963.022912	145132.193806	149073.816168	152833.536200	156469.196376	159983.562472	163412.306830	166746.194730
82529411.800000	2309.090393	12811.365585	18952.408313	26855.970489	38714.328328	58039.683884	62475.360344	66619.403695	70992.552698	75195.681753	79914.693187	84292.355751	88674.317023	93079.059634	97530.736023	100680.112760	105369.828618	111958.835158	118750.602764	125468.525092	131883.501827	138819.007180	143512.322488	147846.228457	151917.023667	155789.733202	159535.321049	163168.464919	166686.985788	170104.612840
83058823.500000	2310.434272	13120.267079	19330.124653	27402.790187	39446.780591	58980.803351	63447.173192	67636.140441	72013.204871	76302.139593	80969.082104	85457.595824	89869.198579	94308.743061	98797.798019	101967.227868	106714.163458	113428.391807	120355.220266	127244.756233	133825.373249	141132.274113	146030.511072	150524.606387	154728.637681	158717.965138	162592.419192	166324.878944	169935.090331	173438.192281
83588235.300000	2311.778151	13439.753660	19704.839904	27946.375085	40157.663586	59929.371136	64397.683784	68619.404267	73049.203184	77427.078640	82045.098065	86625.173116	91066.823510	95539.930122	100064.403537	103251.449234	108049.830650	114858.677440	121933.411967	128981.107811	135733.153337	142947.425047	148504.555430	153165.282886	157508.214758	161633.217156	165619.908647	169453.755280	173157.081287	176753.331422
84117647.100000	2313.122020	13736.463058	20109.893354	28490.291167	40871.184800	60855.278595	65368.339329	69620.480206	74097.337406	78572.408728	83142.317177	87793.827289	92267.447201	96772.915619	101322.500580	104534.708061	109379.661592	116265.220517	123486.312688	130679.069144	137607.732728	144467.918620	150932.774624	155769.065885	160255.767794	164516.259229	168617.015832	172554.186530	176345.194461	180041.226540
84647058.800000	2314.465899	14012.740244	20513.409886	29044.982220	41550.585146	61770.423184	66351.987559	70638.130959	75164.060602	79734.443681	84252.997940	88960.802247	93469.138482	98007.980273	102580.197509	105817.778578	110704.683985	117656.007286	125015.906878	132347.194658	139449.812066	146202.195118	153314.553165	158334.945800	162958.318581	167365.420863	171583.879798	175620.910910	179481.197494	183288.120107
85176470.600000	2315.809776	14300.255851	20944.041145	29588.932426	42234.648991	62692.571051	67341.422425	71670.959106	76247.598672	80855.305858	85381.167422	90074.041947	94673.814118	99245.428729	103839.662174	107101.251121	112027.340238	119035.006946	126524.130869	133986.964648	141260.788198	148164.614630	155648.423343	160819.183718	165610.994616	170181.641045	174520.433884	178596.311259	182575.388825	186494.868264
85705882.400000	2317.153652	14597.857141	21367.739842	30129.785952	42916.139295	63630.807940	68287.030027	72718.701285	77349.470210	81910.402434	86530.390610	91172.145976	95880.538261	100482.985463	105100.674553	108385.582203	113348.630847	120405.405697	128011.374517	135599.932523	143038.107700	150073.870881	157902.127143	163241.915529	168213.797174	172964.193725	177350.491987	181527.962755	185627.410164	189661.216841
86235294.100000	2318.497528	14904.543740	21779.512585	30674.770912	43593.083760	64537.403497	69248.047356	73705.516249	78388.813764	82983.468923	87698.638432	92292.559353	97088.854020	101712.695142	106363.321464	109671.143369	114658.133505	121769.826970	129437.257928	137187.725043	144727.926171	151938.288440	159454.496366	165608.124937	170766.853998	175675.413257	180108.140457	184416.407540	188638.143584	192787.488671
86764705.900000	2319.841402	15219.443325	22200.725590	31195.240874	44278.105349	65445.297297	70223.429021	74699.565264	79419.487988	84073.336262	88884.134147	93433.198472	98298.870676	102945.308918	107628.105051	110958.261031	115961.190043	123129.354915	130837.929350	138751.863740	146377.711034	153760.515660	160931.355657	167917.059134	173268.976387	178250.229499	182819.649663	187260.920608	191607.057373	195860.028923
87294117.600000	2321.185265	15541.791857	22630.442971	31722.426369	44946.913825	66367.186177	71212.222008	75709.836509	80466.734163	85172.588306	90083.936734	94591.508715	99506.719753	104179.279965	108895.352072	112247.258227	117257.912981	124486.357181	132218.259072	140292.980281	147990.095870	155542.089357	162693.891574	170167.002399	175719.876680	180814.151843	185485.350604	190062.455128	194577.008044	198926.952549
87823529.400000	2322.529138	15870.917088	23067.683643	32254.226166	45624.559287	67293.349367	72165.157114	76735.046680	81529.524008	86291.150375	91298.544688	95758.089731	100620.146420	105415.193326	110163.414252	113536.559125	118549.361569	125841.832810	133582.152213	141785.295862	149566.435597	157284.490778	164574.094609	172357.562124	178141.428435	183367.238575	188108.127826	192823.428955	197572.203118	201991.534148
88352941.200000	2323.873038	16206.225387	23473.765876	32769.038924	46296.530048	68191.331842	73120.975148	77772.403130	82606.868406	87427.722692	92381.643471	96942.040892	101749.443911	106652.363902	111433.617475	114799.245857	119836.408139	127196.574363	134931.567417	143231.659258	151108.797319	158989.145745	166422.603347	174192.358431	180547.400908	185910.234261	190762.116303	195744.204734	200568.548855	205054.125215
88882352.900000	2325.216952	16547.190498	23887.426534	33290.153710	46963.739927	69102.304504	74086.159214	78753.155416	83697.641937	88571.530355	93483.262583	98146.867381	102902.907323	107891.630009	112705.124615	116049.269189	121119.404769	128525.066540	136269.307588	144625.063149	152619.123468	160679.934555	168267.430763	175710.334722	182936.013986	188442.457288	193451.902818	198689.114102	203582.202365	208113.532575
89411764.700000	2326.560863	16864.960363	24307.975082	33817.038969	47638.887521	70025.415855	75066.996056	79748.742433	84729.929761	89621.185383	94601.020588	99370.738712	104078.417916	109130.544533	113968.083597	117294.882010	122398.228797	129822.780125	137596.944011	146023.044628	154099.102445	162373.886504	170109.526788	177300.329102	185312.761734	190963.004374	196376.831977	201644.741338	206607.448717	211171.601314
89941176.500000	2327.904771	17151.411500	24734.802339	34324.869822	48299.630309	70931.339602	76016.798300	80758.229331	85766.630533	90691.765307	95734.338263	100612.032928	105274.097585	110322.170077	115189.834805	118536.270524	123672.578228	131122.667721	138915.747122	147431.926634	155641.884088	164083.317931	171949.908106	179415.178314	187701.355721	193519.360395	199276.483418	204611.425482	209643.195021	214437.245443
90470588.200000	2329.248668	17444.659359	25167.368893	34834.959687	48963.565833	71831.804480	76961.850506	81780.748972	86805.033823	91772.874772	96867.533155	101834.689892	106467.720242	111484.354456	116404.407068	119773.526399	124943.577153	132425.912203	140226.736208	148854.371615	157182.537747	165805.992659	173789.663629	181582.739597	190042.803172	196237.394724	202151.289821	207610.875087	212737.824656	217745.794094
91000000.000000	2330.592572	17744.134558	25588.406692	35350.687273	49634.930420	72743.289030	77919.059387	82789.141912	87865.345337	92866.625664	98021.034376	102932.359344	107638.454127	112603.067512	117630.404149	121006.478059	126209.793887	133748.209790	141530.732314	150293.399343	158736.025057	167543.929452	175653.955595	183734.857512	191881.306604	198924.173158	205001.188226	210594.245592	215917.014080	221046.158122
91529411.800000	2331.936476	18049.329627	25992.738168	35865.550662	50288.841951	73663.180231	78888.940484	83774.409844	88925.725767	93972.396061	99202.472866	104034.892048	108823.519440	113729.256890	118873.508026	122234.625680	127472.719036	135086.866016	142852.097376	151771.659968	160412.367651	169295.669949	177634.235330	185872.282997	193761.635550	201578.297774	207825.905813	213579.723691	219060.192728	224313.158054
92058823.500000	2333.280377	18359.790895	26402.438436	36364.358155	50947.682175	74550.430135	79830.171015	84771.881788	89950.030863	95089.234873	100381.244021	105164.736617	110030.827931	114880.894775	120128.560236	123458.970677	128769.073181	136445.115733	144372.807986	153281.357770	162090.874429	171066.315138	179618.281369	187995.824580	195847.900983	204218.358129	210623.605699	216545.468620	222166.900482	227546.893801
92588235.300000	2334.624278	18675.111340	26817.077336	36868.413485	51614.726997	75442.917037	80771.796840	85773.905148	90958.152557	96147.832079	101414.897356	106293.278768	111258.609252	116055.956946	121247.007482	124718.233548	130122.111747	137823.273175	145944.062190	154821.182851	163774.254629	172870.234350	181609.537046	190105.965288	198115.340638	206813.892475	213386.366317	219472.014620	225237.847165	230746.346551
93117647.100000	2335.968168	18972.463992	27236.269372	37377.335788	52249.170674	76343.066950	81725.127300	86799.417482	91972.047014	97199.071035	102484.592742	107433.726641	112505.278394	117252.629016	122389.579383	126011.066190	131497.724230	139217.764568	147527.971546	156392.356106	165462.931852	174675.888062	183577.643917	192203.068549	200354.362138	208931.107538	216102.264953	222359.287979	228273.110188	233891.948597
93647058.800000	2337.312066	19279.906877	27659.668212	37889.134057	52893.305909	77224.966413	82689.467015	87747.527126	92993.543538	98257.013038	103587.122070	108592.665035	113706.039242	118490.715559	123563.531727	127314.775090	132905.224236	140639.597392	149124.832696	157996.086999	167159.501295	176474.852050	185523.014734	194269.943099	202565.934156	210914.183365	218773.357719	225206.238471	231271.720140	236991.242839
94176470.600000	2338.655964	19597.162122	28086.961939	38380.199767	53544.077400	78098.538055	83616.810584	88710.694057	94022.194014	99320.631558	104722.047078	109771.044038	114933.227002	119877.894424	124906.138441	128676.295383	134340.845711	142107.869072	150733.428686	159652.291409	168870.272151	178258.163752	187446.885353	196303.686235	204751.071281	212874.111303	221399.062064	228013.082815	234203.279619	240054.613224
94705882.400000	2339.999861	19922.816752	28512.744907	38875.649891	54174.028446	78980.215903	84548.004319	89693.693966	95025.845444	100394.600120	105887.329297	110933.217389	116140.909217	121303.487476	126336.018623	130109.390037	135814.448499	143653.888306	152353.840424	161331.338490	170599.481142	180022.334627	189351.203747	198314.096209	206910.840013	215136.927051	223977.767577	230780.198075	237089.168714	243081.264011
95235294.100000	2341.343758	20255.716527	28907.297309	39375.187693	54812.444972	79863.960610	85487.021428	90697.230795	96014.117500	101527.285563	107081.448763	112064.828098	117330.998903	122727.416891	127763.994070	131540.399184	137338.602060	145267.940726	153987.737366	163012.827661	172330.070225	181778.763207	191235.477464	200300.806634	209045.411845	217372.821332	226233.342271	233479.776003	239936.428993	246072.278936
95764705.900000	2342.687654	20589.658957	29305.683910	39874.696104	55458.778235	80723.771059	86434.543719	91670.484120	97008.967794	102602.163368	108227.745855	113280.999841	118564.903924	124149.818518	129190.220654	132969.493704	138880.524616	146885.858373	155631.830240	164697.407855	174061.913974	183531.303286	193098.384107	202266.369307	211156.127404	219582.400804	228232.619478	236118.369576	242743.896540	249027.849176
96294117.600000	2344.031539	20902.674543	29675.557279	40378.551595	56087.257534	81590.922104	87352.836859	92649.882523	98022.947732	103678.452503	109346.772489	114606.859101	119935.137519	125463.269532	130614.838807	134396.826535	140413.478870	148505.889075	157288.955843	166385.364293	175786.151417	185282.152874	194907.245522	204211.327254	213210.990580	221766.436164	230217.334268	238713.540326	245512.346806	251946.808178
96823529.400000	2345.375434	21218.387458	30042.958653	40837.111844	56720.086193	82464.987748	88278.887579	93654.076887	99027.868811	104829.166632	110503.298490	115878.781714	121361.473175	126779.307042	132067.678840	135842.607025	141848.028542	150127.566632	158950.777178	168076.992240	177487.675301	187032.585887	196698.470566	206136.322447	215229.614239	223926.318180	232390.099624	241265.127003	248242.165625	254805.330700
97352941.200000	2346.719328	21536.580208	30431.603584	41306.889469	57360.125601	83323.494927	89247.140708	94681.808778	100064.623551	106025.886625	111742.800759	117185.751297	122839.283642	128228.671702	133649.041734	137381.939726	143320.496652	151752.200165	160598.756367	169770.007231	179191.960184	188783.426565	198473.222162	208042.614088	217226.160407	226063.175126	234613.827889	243606.039966	250932.134292	257601.454710
97882352.900000	2348.063222	21857.058150	30829.888301	41779.780854	57992.093710	84176.122966	90234.228577	95687.520386	101245.341590	107266.578568	113009.960155	118598.546935	124305.442524	129689.740363	135254.842619	138947.769082	144822.736487	153378.649952	162246.246543	171466.774318	180899.267605	190535.327899	200237.748156	209931.700161	219202.841711	228176.775009	236812.903042	245610.384990	253577.167476	260359.266153
98411764.700000	2349.407116	22133.107061	31198.519445	42253.918286	58617.710050	85035.059847	91196.075536	96688.808208	102381.433777	108422.795198	114231.074768	120038.244939	125669.216409	131161.519695	136883.328774	140538.194735	146352.612815	155005.094340	163897.294838	173165.476729	182609.243034	192288.814405	201999.934366	211797.391508	221158.374984	230268.730686	238988.369242	247600.852984	256134.949086	263078.752016
98941176.500000	2355.721324	22362.973674	31570.748655	42724.586595	59249.964013	85899.483836	92196.140511	97715.623999	103621.113303	109613.179736	115606.765841	121413.868283	127068.349590	132654.845650	138394.169074	142151.493878	147908.190073	156633.268376	165549.322877	174867.106693	184321.274243	194019.810765	203761.565416	213609.951407	223095.917824	232327.004978	241140.813780	249676.668751	258648.576474	265760.943604
99470588.200000	2365.899652	22602.858202	31946.324144	43175.381051	59888.469414	86756.848243	93232.671484	98784.905402	104859.089568	110850.766356	116938.616312	122777.319199	128496.818216	134172.780994	139869.202596	143786.101145	149487.709135	158260.994192	167202.710025	176545.089553	186036.706917	195737.881046	205523.474051	215403.586818	225014.762033	234324.294666	243270.337661	251937.610634	261036.479088	268404.829912
100000000.000000	2376.077990	22851.755229	32278.707736	43631.864812	60508.131572	87711.239540	94253.777189	99814.719827	106071.638509	112153.098628	118289.264628	124164.381175	129945.753945	135702.853114	141340.062022	145417.298271	151059.063664	159786.813655	168858.245184	178217.413860	187754.064661	197457.834000	207286.322622	217182.167558	226916.225425	236302.308080	245379.285877	254156.095484	263035.868543	271010.591055
121951220.000000	2828.920500	31977.775452	47637.829989	66058.487882	91987.536422	131523.455869	140016.754755	147743.911808	155893.020921	163597.887410	171460.764166	178819.312509	185913.407210	192993.178836	199904.439883	204679.638373	211825.112572	221749.936939	232231.844388	242896.961211	253551.716153	263997.647045	274741.829372	285812.070368	296073.820162	306796.426420	317528.507318	327844.244612	338259.110427	349028.933590
143902439.000000	5727.584247	28204.759283	67359.116881	91040.192987	122066.340239	168503.913226	178387.540610	187891.863721	197565.718255	207031.710287	216613.772770	225478.799504	234307.328065	242949.953217	251370.759504	257221.369328	265988.638361	278167.457458	290930.439846	303938.400667	316900.816311	329736.821609	342346.452036	354802.136886	366765.641591	379146.978227	390333.978003	402119.528103	414412.564218	425876.053242
165853659.000000	8748.237812	26963.260470	86801.625004	112457.546270	150213.859611	206921.274023	218919.951845	230006.245492	241277.195809	252312.909868	263291.308736	273654.235663	284103.837612	293962.303496	303393.783413	310548.805259	321003.732649	335136.934210	349719.542768	364950.032326	379800.593318	394686.249614	409003.681343	423217.638638	437142.511622	450727.253174	464352.954726	477439.584449	490318.208374	502872.260506
187804878.000000	11164.790550	26570.391088	77179.493155	135355.665584	180015.790946	245304.664923	259286.856401	271960.364415	285006.748316	297587.550071	310237.498714	322014.983880	333543.518769	344717.143047	355782.340874	363444.170582	374611.364999	390287.707614	406284.886798	423192.642745	439089.249951	454371.307373	470369.462234	485837.437520	500114.548717	514353.556149	528984.703536	542811.656216	556096.764457	569260.089867
209756098.000000	14878.493735	28185.370462	71899.932632	158303.947595	210285.434459	283397.233105	298386.232657	312110.264309	326795.859384	339558.582748	353030.742614	365685.985042	377469.962473	389127.841394	400621.592229	408439.929879	420089.255492	436635.148768	453108.523986	470164.582967	489667.494360	508144.056829	523106.933658	540317.852662	562892.384962	581743.658982	598541.988004	616486.582865	634995.094494	653572.162266
231707317.000000	18592.201191	30358.593336	69012.493233	185156.343717	239130.377659	316150.792312	331725.672844	345896.074138	360655.521107	375457.403246	388676.480508	404878.334135	420608.763137	433279.229491	448551.205163	460196.777816	476878.866171	499532.053500	524333.370253	547594.987795	570628.111304	593965.469623	615954.117325	637269.550947	658615.293208	679537.426602	699810.441440	719454.861133	738479.003904	757132.223854
253658537.000000	23015.195909	33509.056628	67982.550012	180287.931522	264990.794999	349953.776120	371551.567657	392739.031857	414411.930899	435341.934526	455181.869261	473754.817348	491704.019654	508976.934428	526152.661266	538016.797062	554933.357372	578572.109327	603329.299381	628274.881044	653063.868919	677359.644936	701558.176957	725128.227162	747964.734281	770328.439514	792289.636834	814811.571966	837437.860052	859363.356397
275609756.000000	27809.261977	37219.099072	68131.454928	168835.606929	290781.300596	409709.098560	433742.957607	455601.393805	477437.614777	498321.524783	519424.241554	539040.355427	558185.769937	576853.724007	595194.040754	608131.914429	626822.264545	652587.056504	679528.748465	708547.583710	737293.852437	764458.661129	790531.080584	815473.210855	840377.521716	865663.006142	891564.090745	917023.550602	942123.240533	966760.910475
297560976.000000	32770.275505	41495.069798	70156.984262	163529.802700	334050.916657	463484.216964	488728.312772	512732.410964	536449.796280	559329.469088	582642.485886	604715.778640	627115.040253	648167.343660	668403.525409	682501.038518	703611.286683	733443.491089	765108.623732	796886.551434	827501.408328	856724.000450	883991.524321	909983.592638	934894.847022	961683.641704	989729.333994	1024720.705955	1063678.973098	1101616.752877
319512195.000000	37881.766873	46072.261129	72978.940863	160633.676026	380250.503295	517886.792719	546660.212149	572915.773482	600653.564255	626311.634121	653402.892263	679070.846450	700462.072831	722106.373028	744154.167150	759546.751098	783214.328762	819156.223627	857535.639575	892744.906771	924758.357970	954768.306344	983567.533480	1016320.280049	1057113.191896	1096566.129549	1134968.543868	1174407.948595	1216313.567611	1257816.688485
341463415.000000	43446.382834	51121.003414	76332.981050	158466.831994	428082.224439	577774.003619	610150.677008	637680.871388	667436.887201	697122.220439	724050.771025	748895.786884	769812.328048	795090.272999	825029.709403	846565.665698	880540.451609	921980.659939	961410.461903	999473.655672	1045623.724555	1093811.760144	1140423.135267	1185416.682653	1229241.374175	1272031.623743	1313582.665292	1353502.149539	1391882.092369	1428812.252470
363414634.000000	49553.722267	56796.788585	80591.062729	158106.416503	434392.507250	635712.294898	668521.861266	700859.884279	736947.631914	772207.865410	803321.122036	835724.979868	870690.518385	905339.601117	939147.504864	962995.061925	998183.798740	1050210.935751	1106371.101218	1162029.403983	1216142.239123	1268399.572675	1318702.355027	1367058.362281	1413528.628077	1458278.214775	1501841.081687	1544133.497129	1584785.220868	1623856.013799
385365854.000000	56048.587648	62893.678414	85380.558841	158636.775065	419742.125399	702898.375233	744130.210531	788510.453119	833729.006417	873267.978271	918046.899635	952701.962190	990491.030614	1032614.154649	1078424.913497	1111643.585444	1154298.488976	1216819.519960	1279343.220112	1338191.165800	1395703.808084	1451347.926206	1504876.497182	1556251.413908	1605531.181179	1652900.847068	1698776.307877	1742827.435315	1785247.977332	1826212.058899
407317073.000000	62746.369648	69280.839259	90747.294833	160679.240981	409935.976309	798902.400148	861592.867068	902303.550125	950847.756270	1002734.154437	1051010.540057	1101734.361344	1153077.385898	1197888.554886	1246377.231892	1279539.387941	1325380.018213	1392600.468767	1458227.385682	1521834.183753	1583598.986454	1642574.451963	1699155.636857	1753079.160523	1804342.000800	1853729.249379	1901622.771821	1947621.749563	2002510.605265	2067128.111442
429268293.000000	69660.656280	75988.220294	96774.968090	164492.608874	405856.949432	902841.836533	973611.271682	1049784.565379	1101806.498944	1158259.208212	1222943.338294	1279375.246921	1327138.988301	1378857.453559	1428910.106136	1460113.468259	1509753.973485	1576652.890622	1648154.877448	1713162.391083	1777750.429649	1840011.807864	1899071.209103	1954375.957506	2028873.147479	2112503.031580	2200349.766774	2282657.116597	2363311.549824	2441923.348543
451219512.000000	76462.088954	82680.161692	103107.218534	169653.082806	406840.888832	1050514.109063	1117003.920831	1188570.804880	1273908.542091	1341249.460212	1397132.712380	1455849.040444	1519875.337765	1566805.088042	1616066.861232	1653003.138697	1704173.446871	1771699.131932	1842888.240327	1913743.265997	1991294.624844	2079984.259736	2184403.770584	2288324.978520	2393782.513649	2489447.585161	2584960.767060	2674168.874007	2758275.214379	2840927.395859
473170732.000000	82862.959869	88859.989412	108560.894904	172741.153129	401497.287042	1237897.481532	1295909.743510	1358351.743509	1432808.792433	1515593.984561	1591890.702780	1643917.744688	1700649.815030	1762079.165499	1815502.135490	1848705.394172	1901527.475640	1984122.606309	2083463.531539	2193405.015981	2304470.771978	2421743.322773	2533799.602784	2648398.982776	2760119.374362	2871028.963663	2982903.447295	3080771.530658	3177867.421219	3264067.712407
495121951.000000	89105.176386	94952.240141	114160.491432	176735.814603	399771.517521	1284462.410771	1493954.803852	1549186.456428	1615045.747578	1688271.508605	1772174.384356	1849160.001410	1908521.684104	1972798.372557	2042350.041389	2094499.600200	2166713.912731	2274453.092415	2401760.152495	2514944.643973	2637720.422832	2758324.886892	2883011.581683	3006684.274329	3132620.566012	3253480.869887	3371223.812757	3483149.459700	3590154.015504	3689760.513095
517073171.000000	94978.511545	100726.403985	119608.866530	181122.857478	400375.679761	1270061.441521	1578003.161131	1756570.317080	1824216.402741	1899428.814180	1985608.015644	2076156.186505	2174893.016625	2247832.914219	2326540.723839	2385555.519825	2479440.412007	2613349.380055	2724840.777864	2851800.245579	2984309.007851	3124448.545148	3271549.269106	3403673.579749	3545228.783046	3666376.845477	3789931.027878	3903820.107511	4015629.675665	4145606.238201
539024390.000000	101916.057050	107589.650937	126228.034514	186946.881748	403365.592623	1261809.600171	1565770.795693	1892942.057834	2037441.837790	2123815.193297	2222782.726223	2326767.550040	2440156.167245	2562933.091540	2673850.198945	2728509.367075	2815465.019821	2949984.473309	3108567.090438	3252358.418754	3412483.204906	3584051.606974	3719988.355913	3866628.727264	4019366.081017	4178004.289514	4347733.883637	4512044.755135	4682965.911680	4852937.410540
560975610.000000	118185.176566	123721.983566	141911.007090	201165.959973	412366.947807	1250114.394232	1546747.270834	1866030.633514	2246750.292647	2470637.504448	2563322.262006	2660705.796790	2766896.142095	2881878.794744	3006297.702608	3099586.494406	3223041.151874	3369641.685964	3542868.204453	3740127.786928	3931087.447606	4119207.666521	4323838.082812	4531174.102809	4723748.311450	4929281.110421	5144469.852052	5350548.579342	5567285.965804	5794522.569749
582926829.000000	132695.807241	138144.627676	156044.605599	214357.925554	422202.674036	1246637.299461	1538556.320586	1852765.884146	2227435.447042	2644012.415873	2929371.373750	3033376.539605	3146787.338464	3269588.281002	3402467.100575	3502099.099812	3660600.698435	3905800.955697	4109431.470414	4340926.101474	4598716.531036	4882044.984351	5132031.083461	5383923.942178	5653796.645022	5941829.462984	6192428.586128	6446925.553759	6714585.434777	6991607.185010
604878049.000000	146156.270530	151539.183002	169222.645978	226830.618391	432161.313782	1246623.724686	1535011.745279	1845420.685872	2215558.312408	2627096.440354	3098641.316528	3551371.721920	3680059.133470	3819401.555798	3970179.361021	4083231.947004	4263083.959850	4541313.076794	4870074.916368	5204629.782452	5488307.382814	5800087.520996	6139230.755228	6505078.034916	6851237.357087	7146276.980837	7461944.663066	7795126.805565	8145541.560793	8443515.670270
626829268.000000	159720.929388	165079.929938	182684.839603	240036.906433	444455.483775	1255299.897557	1542406.843646	1851436.888616	2219930.293331	2629640.290546	3099090.474587	3592340.060946	4130196.321896	4532510.294146	4704470.919987	4833406.298837	5038525.776747	5355843.388621	5730793.080999	6157762.464287	6633231.896227	7109408.613606	7448973.541334	7815275.718548	8207724.155261	8626581.001247	9074722.739221	9466664.979433	9816756.948190	10183808.112493
648780488.000000	173932.553056	179324.124460	197036.032986	254736.673361	460397.662914	1276170.214904	1565022.135352	1875930.398568	2246663.427058	2658863.553646	3131166.955085	3627414.406499	4168539.642291	4754468.757110	5388483.183392	5863864.625213	6224269.903622	6546480.114965	6927211.013926	7360763.675608	7843564.189731	8374193.364597	8951392.719216	9574040.593066	10012130.888312	10431092.150631	10879345.605334	11352469.890235	11850064.777050	12371764.212788
670731707.000000	190292.376456	195715.862008	213532.612040	271574.797879	478453.149628	1299054.476716	1589616.188645	1902364.800712	2275292.296780	2689932.345748	3165031.436865	3664216.309169	4208544.609415	4797941.994785	5435709.321389	5913904.672630	6674651.503024	7851518.614426	8604249.819227	9038472.852296	9522019.886229	10053469.534932	10631561.371517	11255172.001119	11923295.293658	12636377.545652	13379724.017814	13853575.563804	14351935.326595	14874436.690520
692682927.000000	208286.717989	213735.955164	231637.302128	289955.082050	497815.727084	1322313.407592	1614254.755507	1928488.350700	2303186.569380	2719795.399191	3197150.340875	3698705.427095	4245618.289862	4837814.233366	5478609.786738	5959075.690110	6723434.674686	7905889.749505	9303105.504212	10894167.882000	11828689.642795	12361211.609517	12940469.875123	13565338.778048	14234810.158121	14949331.212361	15713808.885662	16520702.728215	17369330.167285	18259066.914680
714634146.000000	224785.325528	230256.325994	248229.167774	306779.858604	515470.662324	1343261.240874	1636368.550944	1951857.139589	2328051.836742	2746324.528602	3225585.941571	3729144.150177	4278241.286275	4872802.355732	5516157.133311	5998541.932600	6765953.631893	7953131.223333	9355927.210866	10953344.010640	12732213.616021	14687307.041330	16128257.513313	16752752.296071	17421822.851679	18135916.109409	18899936.076282	19706346.817088	20554466.167763	21443670.213885
736585366.000000	240863.608899	246352.193722	264382.802058	323121.680811	532483.238171	1362934.420510	1656983.807525	1973486.408840	2350890.234320	2770507.297496	3251309.105783	3756485.802099	4307347.792688	4903819.842380	5549242.428175	6033177.661666	6803055.900840	7994049.202775	9401353.920435	11003904.981580	12788492.056253	14749869.352279	16883385.116308	19184893.327755	21650680.745492	22556645.717170	23320549.875920	24126838.383122	24974829.178112	25863898.441040
758536585.000000	260724.683794	266226.344953	284299.910500	343178.732308	553039.085295	1385468.784722	1680218.732769	1997475.389010	2375778.364173	2796395.148400	3278342.447974	3784722.707783	4336897.105272	4934790.226025	5581750.505597	6066838.695636	6838551.139257	8032381.935615	9443039.501090	11049408.576737	12838247.359514	14804297.559351	16942896.340282	19249887.803990	21721549.862699	24359533.550250	27181955.114593	30160975.510995	31037511.813983	31927147.143266
780487805.000000	296860.201298	302370.263227	320471.426235	379440.153154	589620.952743	1423321.732033	1718521.748985	2036262.840786	2415143.466283	2836402.511984	3319085.721759	3826239.199717	4379256.740787	4978062.815398	5626010.972006	6111839.868233	6884730.679407	8080384.397613	9493195.968917	11102017.892398	12893588.145420	14862640.408761	17004504.726527	19315018.854547	21790455.021597	24432466.782565	27259198.048039	30242767.264408	33380650.551961	36670539.543801
802439024.000000	333135.919175	338653.355120	356778.742584	415826.386278	626288.467007	1461104.972882	1756700.050647	2074866.369570	2454254.044115	2876076.853132	3359406.029066	3867238.221297	4420995.855680	5020603.301568	5669418.595405	6155897.667606	6929822.824490	8127076.664314	9541778.975641	11152753.956233	12946721.835130	14918409.245291	17063139.981107	19376746.228149	21855495.226385	24501042.743627	27331556.972126	30319119.044896	33461201.704565	36755493.494990
824390244.000000	385848.746331	391371.305902	409513.525045	468616.001827	679273.522800	1514865.259730	1810734.834324	2129196.610284	2508936.593516	2931151.117525	3414929.124770	3923232.902413	4477504.769700	5077669.025748	5727086.825358	6214017.653941	6988661.496682	8187027.135747	9603043.174291	11215514.145709	13011147.947119	14984666.314503	17131388.699811	19447143.418282	21928194.243552	24576198.481017	27409341.194357	30399677.590445	33544678.065031	36842029.015502
846341463.000000	458822.309465	464348.289669	482501.745970	541640.830392	752428.831088	1588538.127411	1884590.961449	2203249.990298	2583225.181690	3005701.222279	3489778.878073	3998397.495348	4553012.674563	5153548.667950	5803368.712182	6290601.142149	7065724.793604	8264832.691556	9681725.800048	11295195.524158	13091941.527975	15066682.278160	17214734.327569	19531923.407527	22014510.977480	24664155.369347	27499052.910504	30491241.499022	33638189.963835	36937583.269298
868292683.000000	500446.317405	505975.571767	524139.784039	583313.908526	794226.801672	1630831.494975	1927059.741104	2245907.576273	2626107.903976	3048834.262741	3533198.735832	4042118.710989	4597062.501172	5197954.313730	5848159.378064	6335680.494540	7111263.408819	8311081.781386	9728814.402809	11343240.112017	13141050.692614	15116961.481940	17266286.257895	19584848.278539	22068906.788223	24720121.101432	27556698.326913	30550659.795119	33699472.835258	37000821.040021
890243902.000000	530623.375547	536155.148838	554327.636069	613528.718150	824537.695595	1661523.515786	1957886.712807	2276879.803537	2657253.336780	3080172.274410	3564757.406465	4073909.227186	4629105.829721	5230271.386890	5880772.661174	6368515.874666	7144452.116515	8344817.083008	9763195.572219	11378356.755485	13176986.353664	15153797.296597	17304101.227308	19623719.501087	22108909.658130	24761331.768846	27599201.236484	30594526.645424	33744774.171082	37047626.350877
912195122.000000	568500.150764	574033.476796	592211.064958	651428.764502	862496.971163	1699717.729296	1996164.114058	2315246.744632	2695727.046918	3118764.695883	3603485.848681	4112780.585898	4668133.029480	5269467.330964	5920151.197863	6408031.318557	7184185.362020	8384887.265253	9803663.886565	11419278.437897	13218412.902855	15195778.727223	17346686.238027	19666955.617629	22152843.355735	24806009.988730	27644676.032838	30640842.215383	33791974.000547	37095753.275249
934146341.000000	620546.423612	626080.549342	644260.764600	703487.022514	914585.733568	1751927.490078	2048416.718416	2367545.464044	2748080.754813	3171179.542813	3655970.749384	4165339.091843	4720771.797105	5322193.005745	5972970.911990	6460921.543003	7237187.759246	8438063.192556	9857044.860944	11472892.907131	13272287.389950	15249938.990864	17401157.359128	19721762.073022	22208009.081225	24861559.160108	27700635.459196	30697234.659249	33848821.858149	37153078.607792
956097561.000000	735466.531441	740999.889359	759177.582266	818395.623040	1029465.045944	1866690.628406	2163138.721386	2482223.190614	2862705.685348	3285745.771990	3770469.717903	4279767.389837	4835123.033535	5436460.800097	6087148.416442	6575031.348455	7351189.864362	8551898.686418	9970683.483168	11586307.344181	13385452.176319	15362829.394892	17513749.299903	19834032.049629	22319934.112204	24973116.033581	27811798.434979	30807981.882378	33959131.825357	37262930.137477
978048780.000000	917904.712734	923436.125908	941607.430115	1000804.658222	1211799.899042	2048731.231694	2345075.135555	2664047.459924	3044396.230958	3467287.636685	3951841.222385	4460959.897466	5016120.356859	5617246.778321	6267705.705156	6755417.166703	7531302.895321	8731589.718395	10149875.871568	11764931.908297	13563444.416199	15540126.669298	17690290.615832	20009757.883118	22494786.254984	25147035.693770	27984720.416909	30979850.831013	34129893.276448	37432530.441500