44
0.0e5  5228.9157
268.1867e5  5253.012
534.0095e5  5253.012
761.8576e5  5253.012
1027.6803e5  5253.012
1255.6047e5  5228.9157
1521.5037e5  5204.8193
1787.3265e5  5204.8193
2015.3271e5  5156.6265
2281.1499e5  5156.6265
2509.1505e5  5108.4337
2775.0496e5  5084.3373
3003.0502e5  5036.1446
3268.9492e5  5012.0482
3534.9245e5  4963.8554
3762.9251e5  4915.6627
4028.9004e5  4867.4699
4256.9773e5  4795.1807
4523.0288e5  4722.8916
4789.0804e5  4650.6024
5017.1572e5  4578.3133
5283.3613e5  4457.8313
5511.4382e5  4385.5422
5779.6248e5  3638.5542
6007.6254e5  3590.3614
6273.6007e5  3542.1687
6539.576e5  3493.9759
6767.6529e5  3421.6867
7033.6282e5  3373.494
7261.6288e5  3325.3012
7527.7566e5  3228.9157
7755.7572e5  3180.7229
8021.8088e5  3108.4337
8287.9366e5  3012.0482
8516.0897e5  2915.6627
8782.2175e5  2819.2771
9010.3706e5  2722.8916
9276.5747e5  2602.4096
9504.804e5  2481.9277
9771.1606e5  2313.253
10037.5934e5  2120.4819
10266.1278e5  1903.6145
10532.7131e5  1662.6506
10764.679e5  361.4458
