47
0.0e5 5132.5301
230.5933e5 5132.5301
458.4414e5 5132.5301
686.2895e5 5132.5301
914.1376e5 5132.5301
1142.0619e5 5108.4337
1369.9863e5 5084.3373
1597.8344e5 5084.3373
1825.7587e5 5060.241
2053.6831e5 5036.1446
2281.6074e5 5012.0482
2509.5318e5 4987.9518
2737.5324e5 4939.759
2965.4568e5 4915.6627
3155.4827e5 4867.4699
3383.407e5 4843.3735
3611.4077e5 4795.1807
3839.4083e5 4746.988
4067.4851e5 4674.6988
4295.4857e5 4626.506
4523.5626e5 4554.2169
4751.6395e5 4481.9277
4979.7926e5 4385.5422
5207.9457e5 4289.1566
5438.0052e5 3590.3614
5628.1074e5 3518.0723
5856.108e5 3469.8795
6084.1086e5 3421.6867
6312.1092e5 3373.494
6540.1098e5 3325.3012
6768.1867e5 3253.012
6996.1873e5 3204.8193
7224.2641e5 3132.5301
7452.2648e5 3084.3373
7680.3416e5 3012.0482
7908.4947e5 2915.6627
8136.5716e5 2843.3735
8364.7247e5 2746.988
8554.8269e5 2674.6988
8782.98e5 2578.3133
9011.2094e5 2457.8313
9239.4388e5 2337.3494
9467.6681e5 2216.8675
9696.1263e5 2024.0964
9924.5844e5 1831.3253
10152.9663e5 1662.6506
10309.059e5 337.3494
