45
0.0e5  4963.8554
231.0508e5  4987.9518
458.8989e5  4987.9518
686.747e5  4987.9518
914.6713e5  4963.8554
1142.5194e5  4963.8554
1370.4438e5  4939.759
1598.3682e5  4915.6627
1826.2925e5  4891.5663
2054.1406e5  4891.5663
2282.1412e5  4843.3735
2510.0656e5  4819.2771
2737.9899e5  4795.1807
2965.9905e5  4746.988
3156.0165e5  4698.7952
3384.0171e5  4650.6024
3612.0177e5  4602.4096
3840.0183e5  4554.2169
4068.0952e5  4481.9277
4296.172e5  4409.6386
4524.2489e5  4337.3494
4752.3258e5  4265.0602
4980.5551e5  4144.5783
5210.7671e5  3397.5904
5438.7677e5  3349.3976
5628.7174e5  3325.3012
5856.718e5  3277.1084
6084.7186e5  3228.9157
6312.7955e5  3156.6265
6540.7961e5  3108.4337
6768.873e5  3036.1446
6996.8736e5  2987.9518
7224.9504e5  2915.6627
7453.0273e5  2843.3735
7681.1042e5  2771.0843
7909.2573e5  2674.6988
8137.4104e5  2578.3133
8365.5635e5  2481.9277
8555.742e5  2385.5422
8783.9713e5  2265.0602
9012.2007e5  2144.5783
9240.7351e5  1927.7108
9469.1932e5  1734.9398
9697.4989e5  1590.3614
9853.2866e5  361.4458
