48
0.0e5 4795.1807
231.5846e5 4819.2771
421.458e5 4819.2771
611.4077e5 4795.1807
839.2558e5 4795.1807
1029.2054e5 4771.0843
1219.0788e5 4771.0843
1409.0285e5 4746.988
1636.9529e5 4722.8916
1826.9025e5 4698.7952
2016.8522e5 4674.6988
2206.8019e5 4650.6024
2434.7262e5 4626.506
2624.6759e5 4602.4096
2814.7018e5 4554.2169
3004.6515e5 4530.1205
3232.7284e5 4457.8313
3422.7543e5 4409.6386
3612.7802e5 4361.4458
3840.7808e5 4313.253
4030.883e5 4240.9639
4220.9852e5 4168.6747
4411.0874e5 4096.3855
4639.2405e5 4000.0
4829.3427e5 3927.7108
5021.58e5 3180.7229
5211.5297e5 3156.6265
5439.454e5 3132.5301
5629.4037e5 3108.4337
5819.5059e5 3036.1446
6009.5318e5 2987.9518
6237.5324e5 2939.759
6427.6346e5 2867.4699
6617.6605e5 2819.2771
6807.6864e5 2771.0843
7035.7633e5 2698.7952
7225.8655e5 2626.506
7415.9677e5 2554.2169
7606.0698e5 2481.9277
7834.223e5 2385.5422
8024.4014e5 2289.1566
8214.5036e5 2216.8675
8404.7583e5 2096.3855
8633.1402e5 1927.7108
8823.4711e5 1783.1325
9013.7258e5 1662.6506
9203.9042e5 1566.2651
9283.6663e5 361.4458
