39
0.0e5  4240.9639
385.3134e5  4240.9639
575.2631e5  4216.8675
803.1112e5  4216.8675
993.0609e5  4192.7711
1183.0105e5  4168.6747
1372.8839e5  4168.6747
1600.8846e5  4120.4819
1790.8342e5  4096.3855
1980.7839e5  4072.2892
2170.7336e5  4048.1928
2398.7342e5  4000.0
2588.7601e5  3951.8072
2778.786e5  3903.6145
2968.8882e5  3831.3253
3196.9651e5  3759.0361
3386.991e5  3710.8434
3577.0932e5  3638.5542
3805.2463e5  3542.1687
3995.4247e5  3445.7831
4187.5858e5  2722.8916
4377.5355e5  2698.7952
4605.5361e5  2650.6024
4795.562e5  2602.4096
4985.5879e5  2554.2169
5175.6138e5  2506.0241
5403.6907e5  2433.7349
5593.7166e5  2385.5422
5783.8188e5  2313.253
5973.8447e5  2265.0602
6201.9216e5  2192.7711
6392.0238e5  2120.4819
6582.2022e5  2024.0964
6772.3807e5  1927.7108
7000.61e5  1807.2289
7190.8647e5  1686.747
7380.8907e5  1638.5542
7571.0691e5  1542.1687
7688.6533e5  385.5422
