44
0.0e5  4554.2169
232.4234e5  4554.2169
422.2968e5  4554.2169
612.1702e5  4554.2169
840.0183e5  4554.2169
1029.968e5  4530.1205
1219.9176e5  4506.0241
1409.7911e5  4506.0241
1637.7154e5  4481.9277
1827.6651e5  4457.8313
2017.691e5  4409.6386
2207.6407e5  4385.5422
2435.565e5  4361.4458
2625.591e5  4313.253
2815.6169e5  4265.0602
3005.5666e5  4240.9639
3233.6434e5  4168.6747
3423.6694e5  4120.4819
3613.7715e5  4048.1928
3841.8484e5  3975.9036
4031.9506e5  3903.6145
4222.0528e5  3831.3253
4412.2312e5  3734.9398
4642.3669e5  3012.0482
4832.3166e5  2987.9518
5022.3425e5  2939.759
5212.3685e5  2891.5663
5440.4453e5  2819.2771
5630.395e5  2795.1807
5820.4972e5  2722.8916
6010.5231e5  2674.6988
6238.6e5  2602.4096
6428.7022e5  2530.1205
6618.7281e5  2481.9277
6808.8303e5  2409.6386
7036.9071e5  2337.3494
7227.0856e5  2240.9639
7417.1877e5  2168.6747
7607.4424e5  2048.1928
7835.6718e5  1927.7108
8025.9265e5  1807.2289
8216.2574e5  1662.6506
8406.3596e5  1590.3614
8562.1473e5  361.4458
