47
0.0e5  5445.7831
267.5766e5  5445.7831
533.3994e5  5445.7831
761.2475e5  5445.7831
1027.0703e5  5445.7831
1254.9947e5  5421.6867
1520.8174e5  5421.6867
1786.7165e5  5397.5904
2014.6408e5  5373.494
2280.5399e5  5349.3976
2508.4642e5  5325.3012
2774.3633e5  5301.2048
3002.2876e5  5277.1084
3268.2629e5  5228.9157
3534.162e5  5204.8193
3762.1626e5  5156.6265
4028.1379e5  5108.4337
4256.1385e5  5060.241
4522.19e5  4987.9518
4788.2416e5  4915.6627
5016.2422e5  4867.4699
5282.2937e5  4795.1807
5510.4469e5  4698.7952
5776.5747e5  4602.4096
6006.7866e5  3855.4217
6272.8382e5  3783.1325
6538.7372e5  3759.0361
6766.7378e5  3710.8434
7032.7131e5  3662.6506
7260.7137e5  3614.4578
7526.7653e5  3542.1687
7754.7659e5  3493.9759
8020.8174e5  3421.6867
8286.869e5  3349.3976
8514.8696e5  3301.2048
8780.9974e5  3204.8193
9009.0743e5  3132.5301
9275.2021e5  3036.1446
9503.3552e5  2939.759
9769.5592e5  2819.2771
10035.7633e5  2698.7952
10264.0689e5  2554.2169
10530.4255e5  2385.5422
10758.8836e5  2192.7711
11025.5452e5  1927.7108
11254.1559e5  1686.747
11448.2233e5  361.4458
