48
0.0e5  5518.0723
267.3479e5  5518.0723
533.1707e5  5518.0723
761.0188e5  5518.0723
1026.8415e5  5518.0723
1254.6896e5  5518.0723
1520.5887e5  5493.9759
1786.4877e5  5469.8795
2014.3358e5  5469.8795
2280.2349e5  5445.7831
2508.1592e5  5421.6867
2774.0583e5  5397.5904
3001.9826e5  5373.494
3267.9579e5  5325.3012
3533.8569e5  5301.2048
3761.8576e5  5253.012
4027.8329e5  5204.8193
4255.8335e5  5156.6265
4521.8088e5  5108.4337
4787.8603e5  5036.1446
5015.8609e5  4987.9518
5281.9887e5  4891.5663
5509.9893e5  4843.3735
5776.1171e5  4746.988
6004.2702e5  4650.6024
6272.4569e5  3903.6145
6538.4322e5  3855.4217
6766.3566e5  3831.3253
7032.3319e5  3783.1325
7260.3325e5  3734.9398
7526.3078e5  3686.747
7754.3084e5  3638.5542
8020.3599e5  3566.2651
8286.4115e5  3493.9759
8514.4883e5  3421.6867
8780.5399e5  3349.3976
9008.6167e5  3277.1084
9274.7445e5  3180.7229
9502.8214e5  3108.4337
9769.0255e5  2987.9518
10035.1533e5  2891.5663
10263.3826e5  2771.0843
10529.663e5  2626.506
10757.9686e5  2481.9277
11024.5539e5  2240.9639
11253.012e5  2048.1928
11519.9024e5  1710.8434
11751.9445e5  385.5422
