46
0.0e5  5349.3976
267.8817e5  5349.3976
533.7044e5  5349.3976
761.5525e5  5349.3976
1027.3753e5  5349.3976
1255.2997e5  5325.3012
1521.1225e5  5325.3012
1787.0215e5  5301.2048
2014.9459e5  5277.1084
2280.8449e5  5253.012
2508.7693e5  5228.9157
2774.6683e5  5204.8193
3002.6689e5  5156.6265
3268.5679e5  5132.5301
3534.5432e5  5084.3373
3762.5438e5  5036.1446
4028.5191e5  4987.9518
4256.5197e5  4939.759
4522.5713e5  4867.4699
4788.6228e5  4795.1807
5016.6997e5  4722.8916
5282.8275e5  4626.506
5510.9044e5  4554.2169
5777.1084e5  4433.7349
6007.1679e5  3734.9398
6273.1432e5  3686.747
6539.1185e5  3638.5542
6767.1191e5  3590.3614
7033.1707e5  3518.0723
7261.1713e5  3469.8795
7527.2228e5  3397.5904
7755.2234e5  3349.3976
8021.275e5  3277.1084
8287.3265e5  3204.8193
8515.4796e5  3108.4337
8781.5312e5  3036.1446
9009.6843e5  2939.759
9275.8884e5  2819.2771
9504.0415e5  2722.8916
9770.3218e5  2578.3133
10036.6021e5  2433.7349
10264.9077e5  2289.1566
10531.4168e5  2072.2892
10760.1037e5  1807.2289
11026.6128e5  1590.3614
11106.4511e5  361.4458
