#S	T	Rho	P
3684.5	43.4368647478	8.1249260112	54235925000.0
36845.0	44.7187775515	8.12461938394	54235925000.0
368450.0	57.5379376439	8.12155315154	54235925000.0
1000000.0	81.9525091285	8.11571363724	54235925000.0
1250000.0	91.617111672	8.11340212964	54235925000.0
1500000.0	101.281747198	8.11109066377	54235925000.0
1750000.0	110.946416189	8.10877923895	54235925000.0
2000000.0	120.611118301	8.10646785586	54235925000.0
2250000.0	130.275853522	8.1041565142	54235925000.0
2500000.0	139.940620836	8.10184521356	54235925000.0
2750000.0	149.60496136	8.09953265141	54235925000.0
3000000.0	159.267507857	8.09721496459	54235925000.0
3250000.0	168.930083726	8.09489731007	54235925000.0
3500000.0	178.592688939	8.09257968711	54235925000.0
3750000.0	188.255322621	8.09026209644	54235925000.0
4000000.0	197.917986572	8.08794453735	54235925000.0
4250000.0	209.754120755	8.08510786815	54235925000.0
4500000.0	222.187285014	8.08212867925	54235925000.0
4750000.0	234.620526444	8.07914954181	54235925000.0
5000000.0	247.053845545	8.07617045661	54235925000.0
5250000.0	261.58908761	8.07269036947	54235925000.0
5500000.0	276.777146304	8.06905480325	54235925000.0
5750000.0	291.965320384	8.06541932339	54235925000.0
6000000.0	308.444741513	8.0614767376	54235925000.0
6250000.0	326.37462259	8.05718928644	54235925000.0
6500000.0	344.304716816	8.05290195578	54235925000.0
6750000.0	364.09719494	8.04817260994	54235925000.0
7000000.0	384.75687287	8.04323766219	54235925000.0
7250000.0	406.12964446	8.03813396459	54235925000.0
7500000.0	429.508575146	8.03255531433	54235925000.0
7750000.0	453.222276579	8.02689778446	54235925000.0
8000000.0	479.309575222	8.0206794973	54235925000.0
8250000.0	505.955618619	8.01432981476	54235925000.0
8500000.0	534.741914577	8.00747558796	54235925000.0
8750000.0	564.791602162	8.00032458977	54235925000.0
9000000.0	596.243418388	7.99283100675	54235925000.0
9250000.0	630.05074349	7.98478284987	54235925000.0
9500000.0	665.284800156	7.97640019255	54235925000.0
9750000.0	702.409328501	7.96757470764	54235925000.0
10000000.0	741.675434614	7.95824824254	54235925000.0
10529411.8	832.161377888	7.93678817055	54235925000.0
11058823.5	933.150050071	7.91288923966	54235925000.0
11588235.3	1045.63892525	7.88584757004	54235925000.0
12117647.1	1171.33669093	7.85520718074	54235925000.0
12647058.8	1311.14207514	7.82124000826	54235925000.0
13176470.6	1466.6407906	7.78277359281	54235925000.0
13705882.4	1638.87613185	7.73918652638	54235925000.0
14235294.1	1829.7451225	7.69070956005	54235925000.0
14764705.9	2040.14857415	7.63545294498	54235925000.0
15294117.6	2271.95367488	7.57380673703	54235925000.0
15823529.4	2526.51587219	7.50484470074	54235925000.0
16352941.2	2804.38708514	7.42686038517	54235925000.0
16882352.9	3107.26935867	7.33990544499	54235925000.0
17411764.7	3435.47919206	7.24309488104	54235925000.0
17941176.5	3789.90943618	7.13548063044	54235925000.0
18470588.2	4170.70039136	7.01652043063	54235925000.0
19000000.0	4577.64532362	6.88520997033	54235925000.0
19529411.8	5010.36382229	6.74103080513	54235925000.0
20058823.5	5470.55282972	6.58450767417	54235925000.0
20588235.3	5958.17432589	6.41489905854	54235925000.0
21117647.1	6474.83718194	6.2327399128	54235925000.0
21647058.8	7026.5984354	6.03895794655	54235925000.0
22176470.6	7622.06284281	5.83436703032	54235925000.0
22705882.4	8276.25524003	5.62012727028	54235925000.0
23235294.1	9012.17871556	5.39775035919	54235925000.0
23764705.9	9861.72568103	5.1673174718	54235925000.0
24294117.6	11172.6177152	4.91028480783	54235925000.0
24823529.4	12720.9580353	4.65632692865	54235925000.0
25352941.2	14625.7476771	4.3146584604	54235925000.0
25882352.9	16673.7556634	4.05615315867	54235925000.0
26411764.7	18708.3432628	3.8939553578	54235925000.0
26941176.5	21272.7068762	3.70525937587	54235925000.0
27470588.2	24502.1367018	3.41601720366	54235925000.0
28000000.0	27399.2231319	3.03776993763	54235925000.0
28529411.8	29720.4294063	2.66921646538	54235925000.0
29058823.5	30507.2313834	2.13124052459	54235925000.0
29588235.3	30572.7910971	1.65484169889	54235925000.0
30117647.1	31199.504008	1.3691408197	54235925000.0
30647058.8	32054.0531993	1.18004238319	54235925000.0
31176470.6	32990.8132348	1.04574479719	54235925000.0
31705882.4	33929.2578377	0.94360794226	54235925000.0
32235294.1	34837.7809586	0.862352807536	54235925000.0
32764705.9	35708.0240667	0.795698166233	54235925000.0
33294117.6	36677.437828	0.738665782565	54235925000.0
33823529.4	37680.1194968	0.689606575447	54235925000.0
34352941.2	38730.3671484	0.64679736601	54235925000.0
34882352.9	39765.0072342	0.60898020146	54235925000.0
35411764.7	40864.5099084	0.573986941253	54235925000.0
35941176.5	42068.5660501	0.537313944576	54235925000.0
36470588.2	43295.1202135	0.504890592963	54235925000.0
37000000.0	44511.3032889	0.476013917626	54235925000.0
37529411.8	45719.054195	0.450160927943	54235925000.0
38058823.5	46921.3893217	0.426912623804	54235925000.0
38588235.3	48120.31997	0.405923462042	54235925000.0
39117647.1	49296.3860505	0.386735474619	54235925000.0
39647058.8	50497.3693842	0.369440074826	54235925000.0
40176470.6	51593.3145693	0.352471623298	54235925000.0
40705882.4	52707.5493333	0.337040335561	54235925000.0
41235294.1	53777.2798505	0.322219806148	54235925000.0
41764705.9	54804.1515936	0.308382596377	54235925000.0
42294117.6	55856.6845334	0.295799417791	54235925000.0
42823529.4	56918.8411975	0.284247758899	54235925000.0
43352941.2	57920.9968738	0.273255729383	54235925000.0
43882352.9	58945.1456677	0.263175504496	54235925000.0
44411764.7	59988.6600192	0.253898149158	54235925000.0
44941176.5	61032.6803111	0.24515264437	54235925000.0
45470588.2	62082.9507069	0.236733899472	54235925000.0
46000000.0	63296.4884008	0.227909079022	54235925000.0
46529411.8	64478.0128219	0.220272667653	54235925000.0
47058823.5	65810.8068005	0.212464622734	54235925000.0
47588235.3	67053.4141798	0.204848713837	54235925000.0
48117647.1	68327.0479894	0.197807961626	54235925000.0
48647058.8	69626.0600932	0.191292427964	54235925000.0
49176470.6	70947.7127849	0.185245456259	54235925000.0
49705882.4	72288.4364218	0.17961517555	54235925000.0
50235294.1	73510.3645848	0.174026940903	54235925000.0
50764705.9	74694.4022465	0.168464096821	54235925000.0
51294117.6	75913.1070457	0.163345106311	54235925000.0
51823529.4	77171.3115907	0.158670441977	54235925000.0
52352941.2	78410.5882354	0.154094670661	54235925000.0
52882352.9	79668.1611978	0.149809049958	54235925000.0
53411764.7	80857.236309	0.145621174293	54235925000.0
53941176.5	81994.9634346	0.141558325944	54235925000.0
54470588.2	83151.3955585	0.137740756018	54235925000.0
55000000.0	84324.8885701	0.134146903667	54235925000.0
55529411.8	85495.8999479	0.130534310589	54235925000.0
56058823.5	86691.157053	0.127232602591	54235925000.0
56588235.3	87907.8451629	0.124205593409	54235925000.0
57117647.1	89214.7773133	0.121208734925	54235925000.0
57647058.8	90638.7924212	0.118161943069	54235925000.0
58176470.6	91860.6430831	0.115029651214	54235925000.0
58705882.4	93040.266072	0.112115181995	54235925000.0
59235294.1	94214.4275335	0.109425452616	54235925000.0
59764705.9	95529.1245328	0.106764831748	54235925000.0
60294117.6	96975.2104769	0.104075101579	54235925000.0
60823529.4	98520.8809742	0.101423236296	54235925000.0
61352941.2	100077.465379	0.0989731444078	54235925000.0
61882352.9	101643.762984	0.096702641264	54235925000.0
62411764.7	103238.717879	0.0945207083757	54235925000.0
62941176.5	104880.520491	0.0923345970338	54235925000.0
63470588.2	106541.050262	0.0902637129559	54235925000.0
64000000.0	108115.609549	0.0882201617817	54235925000.0
64529411.8	109527.45575	0.0861260275395	54235925000.0
65058823.5	110969.162898	0.0841565058272	54235925000.0
65588235.3	112375.922819	0.0821688022302	54235925000.0
66117647.1	113800.126117	0.0802715668792	54235925000.0
66647058.8	115253.567006	0.0784855385468	54235925000.0
67176470.6	116733.749268	0.0768012179845	54235925000.0
67705882.4	118238.45128	0.0752101578865	54235925000.0
68235294.1	119764.602598	0.0737028278719	54235925000.0
68764705.9	121256.754212	0.0721737270963	54235925000.0
69294117.6	122764.437379	0.0707126894476	54235925000.0
69823529.4	124294.3975	0.0693295619382	54235925000.0
70352941.2	125844.899002	0.0680182746145	54235925000.0
70882352.9	127414.382126	0.0667733719246	54235925000.0
71411764.7	129001.440689	0.0655899373099	54235925000.0
71941176.5	130555.619732	0.0644282340252	54235925000.0
72470588.2	132088.720751	0.0632797176048	54235925000.0
73000000.0	133646.401751	0.0621843817414	54235925000.0
73529411.8	135069.299545	0.061058729789	54235925000.0
74058823.5	136278.181436	0.0598662604389	54235925000.0
74588235.3	137511.333705	0.0587274571175	54235925000.0
75117647.1	138767.160763	0.057638785413	54235925000.0
75647058.8	139921.910692	0.0565765002192	54235925000.0
76176470.6	141034.568805	0.0555487549242	54235925000.0
76705882.4	142184.546539	0.0545663725716	54235925000.0
77235294.1	143369.425679	0.0536264146103	54235925000.0
77764705.9	144527.522238	0.0527215498481	54235925000.0
78294117.6	145688.554129	0.0518520104892	54235925000.0
78823529.4	146864.819432	0.0510167035052	54235925000.0
79352941.2	148055.436303	0.050213646313	54235925000.0
79882352.9	149226.194131	0.0494087368864	54235925000.0
80411764.7	150401.766566	0.0486256214954	54235925000.0
80941176.5	151594.811003	0.0478755833381	54235925000.0
81470588.2	152804.244754	0.0471565700829	54235925000.0
82000000.0	154016.750079	0.0464588986579	54235925000.0
82529411.8	155220.261303	0.0457741837746	54235925000.0
83058823.5	156434.944671	0.0451143406047	54235925000.0
83588235.3	157660.202457	0.0444780380837	54235925000.0
84117647.1	158889.004924	0.0438552452843	54235925000.0
84647058.8	160116.332865	0.0432389126428	54235925000.0
85176470.6	161355.650137	0.042646955146	54235925000.0
85705882.4	162606.25831	0.0420779548464	54235925000.0
86235294.1	163867.515068	0.0415306017337	54235925000.0
86764705.9	165130.184467	0.0409939259428	54235925000.0
87294117.6	166385.208505	0.040457516579	54235925000.0
87823529.4	167648.488338	0.0399390338401	54235925000.0
88352941.2	168919.615035	0.039437593763	54235925000.0
88882352.9	170197.058468	0.0389463506409	54235925000.0
89411764.7	171481.079906	0.0384674165925	54235925000.0
89941176.5	172772.517967	0.0380062716261	54235925000.0
90470588.2	174070.968088	0.0375619428102	54235925000.0
91000000.0	175376.051453	0.0371335266199	54235925000.0
91529411.8	176687.419087	0.0367201834066	54235925000.0
92058823.5	178031.427204	0.036289590813	54235925000.0
92588235.3	179387.943302	0.0358662498428	54235925000.0
93117647.1	180751.403514	0.035455882354	54235925000.0
93647058.8	181848.11155	0.0349975338929	54235925000.0
94176470.6	182629.246486	0.0344828339295	54235925000.0
94705882.4	183424.53537	0.0339850148921	54235925000.0
95235294.1	184233.29142	0.0335032597486	54235925000.0
95764705.9	185054.874731	0.0330368032053	54235925000.0
96294117.6	185888.682158	0.0325849279746	54235925000.0
96823529.4	186720.293423	0.0321411938859	54235925000.0
97352941.2	187500.425239	0.0316850515807	54235925000.0
97882352.9	188295.077686	0.0312437948364	54235925000.0
98411764.7	189107.635177	0.0308157014612	54235925000.0
98941176.5	189937.461772	0.0304001543464	54235925000.0
99470588.2	190781.188438	0.0299972298116	54235925000.0
100000000.0	191638.192137	0.0296063613478	54235925000.0
121951220.0	233084.566037	0.0187765784622	54235925000.0
143902439.0	284964.963987	0.0131998403362	54235925000.0
165853659.0	380885.222789	0.00984127552412	54235925000.0
187804878.0	402650.201038	0.00744843857103	54235925000.0
209756098.0	433848.935619	0.00583226803539	54235925000.0
231707317.0	464178.032205	0.00475505129833	54235925000.0
253658537.0	504622.42339	0.00386893528592	54235925000.0
275609756.0	545895.331398	0.00319294414384	54235925000.0
297560976.0	622062.864599	0.00238208758591	54235925000.0
319512195.0	675336.967698	0.00196531439462	54235925000.0
341463415.0	907425.304509	0.00163815209933	54235925000.0
363414634.0	1128578.21855	0.00140556958721	54235925000.0
385365854.0	1274128.94744	0.00124553440119	54235925000.0
407317073.0	1422126.77815	0.00113161630982	54235925000.0
429268293.0	1571698.34189	0.00104653096667	54235925000.0
451219512.0	1710246.84335	0.000966878162392	54235925000.0
473170732.0	1823712.27119	0.000877508680743	54235925000.0
495121951.0	1965549.96341	0.000785315752578	54235925000.0
517073171.0	2110354.31476	0.000707228211175	54235925000.0
539024390.0	2462178.28801	0.000609932701751	54235925000.0
560975610.0	2748350.84043	0.000525222566914	54235925000.0
582926829.0	3385533.22204	0.000425513434971	54235925000.0
604878049.0	4128996.69452	0.000345985366674	54235925000.0
626829268.0	4958374.17814	0.000282249105467	54235925000.0
648780488.0	5981589.62558	0.000237871111091	54235925000.0
670731707.0	6639296.71644	0.000208829495877	54235925000.0
692682927.0	7291923.80032	0.000184991018019	54235925000.0
714634146.0	8142452.22398	0.00015880712525	54235925000.0
736585366.0	9403233.48015	0.000131688790524	54235925000.0
758536585.0	11582973.4536	0.000110198717563	54235925000.0
780487805.0	14243036.2061	8.68515310711e-05	54235925000.0
802439024.0	15830024.213	6.26901684317e-05	54235925000.0
824390244.0	17454917.5033	4.61127898377e-05	54235925000.0
846341463.0	20099498.0158	3.45170433117e-05	54235925000.0
868292683.0	24173826.8694	2.64352487403e-05	54235925000.0
890243902.0	30041779.897	2.07902118461e-05	54235925000.0
912195122.0	38307451.2406	1.74438295038e-05	54235925000.0
934146341.0	50164121.9698	1.5219621394e-05	54235925000.0
956097561.0	67461408.8001	1.34599974062e-05	54235925000.0
978048780.0	92961426.9767	1.18439469284e-05	54235925000.0
