#S	T	Rho	P
41501.7118	55.9170076451	3.33343230548	1000000.0
415017.118	63.3865987418	3.33304281131	1000000.0
4150171.18	138.041427879	3.32914809435	1000000.0
1000000.0	75.0836323406	3.33243281142	1000000.0
1250000.0	80.0819521468	3.33217212314	1000000.0
1500000.0	85.0799372591	3.33191143668	1000000.0
1750000.0	90.0775878249	3.33165075206	1000000.0
2000000.0	95.0749037016	3.33139006926	1000000.0
2250000.0	100.071884943	3.3311293883	1000000.0
2500000.0	105.068531926	3.33086870917	1000000.0
2750000.0	110.064844223	3.33060803187	1000000.0
3000000.0	115.060820914	3.3303473564	1000000.0
3250000.0	120.056464001	3.33008668277	1000000.0
3500000.0	125.051772296	3.32982601096	1000000.0
3750000.0	130.046746199	3.329565341	1000000.0
4000000.0	135.041385509	3.32930467286	1000000.0
4250000.0	140.035690068	3.32904400654	1000000.0
4500000.0	145.029659365	3.32878334206	1000000.0
4750000.0	150.023294778	3.3285226794	1000000.0
5000000.0	155.016595763	3.32826201858	1000000.0
5250000.0	160.009562174	3.32800135959	1000000.0
5500000.0	165.002193903	3.32774070243	1000000.0
5750000.0	169.994491185	3.3274800471	1000000.0
6000000.0	174.986453813	3.32721939359	1000000.0
6250000.0	179.978081059	3.32695874193	1000000.0
6500000.0	184.969374659	3.3266980921	1000000.0
6750000.0	189.960333647	3.3264374441	1000000.0
7000000.0	194.950958152	3.32617679791	1000000.0
7250000.0	199.946951991	3.32591560529	1000000.0
7500000.0	205.697752623	3.32558231861	1000000.0
7750000.0	211.463156377	3.32524761315	1000000.0
8000000.0	217.228035924	3.32490971151	1000000.0
8250000.0	222.991958816	3.32456271404	1000000.0
8500000.0	228.755578311	3.32421572002	1000000.0
8750000.0	234.518892462	3.32386872946	1000000.0
9000000.0	240.281903198	3.32352174235	1000000.0
9250000.0	246.044609481	3.32317475869	1000000.0
9500000.0	252.094172529	3.32280387766	1000000.0
9750000.0	258.772292145	3.32238067982	1000000.0
10000000.0	265.450143937	3.3219574875	1000000.0
10529411.8	279.590591838	3.3210613338	1000000.0
11058823.5	293.729838521	3.32016520492	1000000.0
11588235.3	309.027389625	3.31918010142	1000000.0
12117647.1	325.248127364	3.31812410562	1000000.0
12647058.8	341.46783534	3.31706814704	1000000.0
13176470.6	358.711927304	3.31593718865	1000000.0
13705882.4	377.093617018	3.3147229885	1000000.0
14235294.1	395.474470032	3.31350884125	1000000.0
14764705.9	415.522218777	3.31217660911	1000000.0
15294117.6	436.11422896	3.31080585995	1000000.0
15823529.4	457.436367512	3.30938463957	1000000.0
16352941.2	480.271523087	3.30785885169	1000000.0
16882352.9	503.414485265	3.30631223774	1000000.0
17411764.7	528.51498481	3.3046328803	1000000.0
17941176.5	553.943990569	3.30293168292	1000000.0
18470588.2	581.326121494	3.30110012324	1000000.0
19000000.0	609.430079844	3.29917960326	1000000.0
19529411.8	639.086624518	3.29709285378	1000000.0
20058823.5	670.197315121	3.29490656212	1000000.0
20588235.3	702.325259667	3.2926509146	1000000.0
21117647.1	736.57728414	3.2902513119	1000000.0
21647058.8	772.252439986	3.28775632256	1000000.0
22176470.6	809.395648145	3.28516332439	1000000.0
22705882.4	848.330281776	3.28245132114	1000000.0
23235294.1	889.42841726	3.2795966185	1000000.0
23764705.9	932.392227057	3.27661987478	1000000.0
24294117.6	977.321926152	3.2734349689	1000000.0
24823529.4	1024.34899897	3.27001969727	1000000.0
25352941.2	1073.62371444	3.26645245171	1000000.0
25882352.9	1125.26126964	3.2627264886	1000000.0
26411764.7	1179.36721404	3.25883581694	1000000.0
26941176.5	1236.03866941	3.25477510234	1000000.0
27470588.2	1295.36747787	3.25053943828	1000000.0
28000000.0	1357.62395812	3.24589897988	1000000.0
28529411.8	1422.92610578	3.24102079169	1000000.0
29058823.5	1491.16893188	3.23594339902	1000000.0
29588235.3	1562.82107514	3.23063631163	1000000.0
30117647.1	1637.88627869	3.22510123783	1000000.0
30647058.8	1716.44068048	3.21901972966	1000000.0
31176470.6	1798.66288024	3.21267900352	1000000.0
31705882.4	1884.99636183	3.20605595857	1000000.0
32235294.1	1975.40329489	3.19910837984	1000000.0
32764705.9	2069.91351966	3.19152734243	1000000.0
33294117.6	2168.97271816	3.18227114531	1000000.0
33823529.4	2272.75469208	3.15009295926	1000000.0
34352941.2	2381.28221761	3.15000884994	1000000.0
34882352.9	2494.7782145	3.15000420184	1000000.0
35411764.7	2613.61027588	3.12502683691	1000000.0
35941176.5	2737.79481491	3.1250056937	1000000.0
36470588.2	2867.58687769	3.10008329095	1000000.0
37000000.0	3003.04783487	3.10000600548	1000000.0
37529411.8	3144.48880495	3.07528815009	1000000.0
38058823.5	3291.9273511	3.07500189678	1000000.0
38588235.3	3360.1193503	0.0179716568959	1000000.0
39117647.1	3115.77606461	0.00757184469747	1000000.0
39647058.8	2846.92032715	0.0051934441066	1000000.0
40176470.6	2672.03370484	0.00373519605176	1000000.0
40705882.4	2564.19087541	0.00284664287018	1000000.0
41235294.1	2489.0344879	0.00224359416795	1000000.0
41764705.9	2437.85108513	0.00182888976486	1000000.0
42294117.6	2399.58091097	0.00152233817857	1000000.0
42823529.4	2372.10082244	0.00129721216227	1000000.0
43352941.2	2347.3186087	0.00110584703231	1000000.0
43882352.9	2330.61694071	0.00096881003396	1000000.0
44411764.7	2317.83850572	0.000858947622548	1000000.0
44941176.5	2307.2877358	0.000767640021323	1000000.0
45470588.2	2298.88172141	0.000691739421013	1000000.0
46000000.0	2292.45664136	0.000628304695877	1000000.0
46529411.8	2287.56559713	0.000574526537691	1000000.0
47058823.5	2283.53445623	0.000527912459861	1000000.0
47588235.3	2280.47897204	0.000487593554416	1000000.0
48117647.1	2278.29494428	0.000452478046732	1000000.0
48647058.8	2276.82920325	0.000421631667842	1000000.0
49176470.6	2275.9281039	0.000394311820599	1000000.0
49705882.4	2275.03996462	0.000369966995605	1000000.0
50235294.1	2273.49175058	0.000348088774849	1000000.0
50764705.9	2272.33459028	0.000328467652186	1000000.0
51294117.6	2271.51515926	0.000310772309221	1000000.0
51823529.4	2270.96558649	0.000294629815502	1000000.0
52352941.2	2270.6606135	0.000279933787058	1000000.0
52882352.9	2270.5641247	0.000266525270483	1000000.0
53411764.7	2270.58772479	0.000254206402645	1000000.0
53941176.5	2270.80089976	0.000242911675838	1000000.0
54470588.2	2271.16913236	0.000232460240011	1000000.0
55000000.0	2271.68051296	0.000222785219194	1000000.0
55529411.8	2272.32167522	0.000213812945663	1000000.0
56058823.5	2273.07150049	0.000205433891409	1000000.0
56588235.3	2273.93238591	0.000197652719864	1000000.0
57117647.1	2274.84539356	0.000190370437723	1000000.0
57647058.8	2275.85520097	0.000183602186078	1000000.0
58176470.6	2276.92708901	0.000177224188275	1000000.0
58705882.4	2278.07749711	0.000171261156771	1000000.0
59235294.1	2279.29201332	0.000165630614819	1000000.0
59764705.9	2280.56902796	0.000160322494733	1000000.0
60294117.6	2281.90425773	0.000155314414106	1000000.0
60823529.4	2283.28816962	0.00015055951638	1000000.0
61352941.2	2284.14180363	0.000146079496844	1000000.0
61882352.9	2284.77889218	0.000141811685875	1000000.0
62411764.7	2285.46347158	0.000137786290784	1000000.0
62941176.5	2286.17022205	0.000133962293211	1000000.0
63470588.2	2286.91233372	0.000130339128312	1000000.0
64000000.0	2287.69297075	0.000126906850735	1000000.0
64529411.8	2288.49708318	0.000123595665952	1000000.0
65058823.5	2289.33526	0.000120452972349	1000000.0
65588235.3	2290.20224838	0.000117453978858	1000000.0
66117647.1	2291.09074853	0.000114564822583	1000000.0
66647058.8	2292.00734872	0.000111814477719	1000000.0
67176470.6	2292.94516047	0.000109171247508	1000000.0
67705882.4	2293.90312895	0.000106629626107	1000000.0
68235294.1	2294.88456536	0.000104203734527	1000000.0
68764705.9	2295.87428317	0.000101880968515	1000000.0
69294117.6	2296.88130544	9.96582388304e-05	1000000.0
69823529.4	2297.90826563	9.75304941393e-05	1000000.0
70352941.2	2299.00369863	9.52629462115e-05	1000000.0
70882352.9	2300.36099803	9.20317128833e-05	1000000.0
71411764.7	2301.80572472	8.85085702663e-05	1000000.0
71941176.5	2303.22527199	8.51588820195e-05	1000000.0
72470588.2	2304.62308366	8.19670078257e-05	1000000.0
73000000.0	2306.00250313	7.89204297714e-05	1000000.0
73529411.8	2307.36644377	7.60081863097e-05	1000000.0
74058823.5	2308.71731288	7.32200138565e-05	1000000.0
74588235.3	2310.05725262	7.05466490836e-05	1000000.0
75117647.1	2311.38785538	6.79782427807e-05	1000000.0
75647058.8	2312.69682937	6.54345647765e-05	1000000.0
76176470.6	2314.01766196	6.30746208595e-05	1000000.0
76705882.4	2315.33809659	6.08178570602e-05	1000000.0
77235294.1	2316.64293029	5.8574904899e-05	1000000.0
77764705.9	2317.95976504	5.64917406877e-05	1000000.0
78294117.6	2319.26041643	5.43766237801e-05	1000000.0
78823529.4	2320.57216741	5.24055256256e-05	1000000.0
79352941.2	2321.77941565	5.04360147026e-05	1000000.0
79882352.9	2322.96379217	4.85715603912e-05	1000000.0
80411764.7	2324.14680101	4.67116755315e-05	1000000.0
80941176.5	2325.33801491	4.49523963287e-05	1000000.0
81470588.2	2326.52962653	4.31737753372e-05	1000000.0
82000000.0	2327.73007042	4.14778545343e-05	1000000.0
82529411.8	2328.93646728	3.98051662577e-05	1000000.0
83058823.5	2330.15094051	3.81516916646e-05	1000000.0
83588235.3	2331.3749704	3.6542834989e-05	1000000.0
84117647.1	2332.60911475	3.49658303286e-05	1000000.0
84647058.8	2333.85444957	3.34140451235e-05	1000000.0
85176470.6	2335.11183246	3.18871629122e-05	1000000.0
85705882.4	2336.38141173	3.03903479182e-05	1000000.0
86235294.1	2337.6623465	2.89325363996e-05	1000000.0
86764705.9	2338.95282551	2.75242799058e-05	1000000.0
87294117.6	2340.25030912	2.61756847699e-05	1000000.0
87823529.4	2341.55130849	2.48838121338e-05	1000000.0
88352941.2	2342.72293977	2.34625839334e-05	1000000.0
88882352.9	2343.83110783	2.20617081024e-05	1000000.0
89411764.7	2344.96594298	2.08193152325e-05	1000000.0
89941176.5	2346.12316256	1.97099510755e-05	1000000.0
90470588.2	2347.29934389	1.87133353875e-05	1000000.0
91000000.0	2348.49175452	1.78131108423e-05	1000000.0
91529411.8	2349.69814003	1.6995938363e-05	1000000.0
92058823.5	2350.91665156	1.62508315018e-05	1000000.0
92588235.3	2352.1457531	1.55686597715e-05	1000000.0
93117647.1	2353.38414717	1.49417725904e-05	1000000.0
93647058.8	2354.63076691	1.43637111021e-05	1000000.0
94176470.6	2355.88467852	1.3828984907e-05	1000000.0
94705882.4	2357.14509151	1.33328969978e-05	1000000.0
95235294.1	2358.41132604	1.28714055107e-05	1000000.0
95764705.9	2359.68279353	1.24410133341e-05	1000000.0
96294117.6	2360.95897224	1.20386793098e-05	1000000.0
96823529.4	2362.23943508	1.1661746324e-05	1000000.0
97352941.2	2363.52377957	1.13078824638e-05	1000000.0
97882352.9	2364.81166014	1.0975032791e-05	1000000.0
98411764.7	2366.10277079	1.06613793941e-05	1000000.0
98941176.5	2372.36195309	1.03652915547e-05	1000000.0
99470588.2	2382.4843224	1.00853361431e-05	1000000.0
100000000.0	2392.60967198	9.82024097287e-06	1000000.0
121951220.0	2840.68235571	3.63447411709e-06	1000000.0
143902439.0	5736.65401259	1.71913652671e-06	1000000.0
165853659.0	8755.58775676	1.01412348127e-06	1000000.0
187804878.0	11171.006864	6.78213212891e-07	1000000.0
209756098.0	14883.8631933	4.89939509277e-07	1000000.0
231707317.0	18596.949048	3.7761656773e-07	1000000.0
253658537.0	23019.4302869	3.07611687394e-07	1000000.0
275609756.0	27813.0589405	2.62904935886e-07	1000000.0
297560976.0	32773.7960473	2.23829443234e-07	1000000.0
319512195.0	37885.0718194	1.94571020477e-07	1000000.0
341463415.0	43449.4796205	1.7468914217e-07	1000000.0
363414634.0	49556.6449169	1.59406655296e-07	1000000.0
385365854.0	56051.349711	1.48045674007e-07	1000000.0
407317073.0	62749.0063717	1.38761411049e-07	1000000.0
429268293.0	69663.2095154	1.30420629535e-07	1000000.0
451219512.0	76464.5980087	1.23056461771e-07	1000000.0
473170732.0	82865.3797308	1.17091025234e-07	1000000.0
495121951.0	89107.5357344	1.13325212494e-07	1000000.0
517073171.0	94980.8308778	1.10785221357e-07	1000000.0
539024390.0	101918.346403	1.08932415427e-07	1000000.0
560975610.0	118187.410723	1.0659600327e-07	1000000.0
582926829.0	132698.005895	1.05051351369e-07	1000000.0
604878049.0	146158.442589	1.03721898804e-07	1000000.0
626829268.0	159723.091798	1.02654718599e-07	1000000.0
648780488.0	173934.728609	1.01737293319e-07	1000000.0
670731707.0	190294.564887	1.01083967083e-07	1000000.0
692682927.0	208288.91681	1.00642967201e-07	1000000.0
714634146.0	224787.533131	1.00362541707e-07	1000000.0
736585366.0	240865.823598	1.0018543678e-07	1000000.0
758536585.0	260726.903769	1.00067766656e-07	1000000.0
780487805.0	296862.424664	9.99702976637e-08	1000000.0
802439024.0	333138.145516	9.99186221993e-08	1000000.0
824390244.0	385850.974739	9.98799853151e-08	1000000.0
846341463.0	458824.539254	9.98507403106e-08	1000000.0
868292683.0	500448.548515	9.98496391451e-08	1000000.0
890243902.0	530625.607673	9.98539196136e-08	1000000.0
912195122.0	568502.383516	9.98525033463e-08	1000000.0
934146341.0	620548.656687	9.9845770925e-08	1000000.0
956097561.0	735468.764207	9.98182918758e-08	1000000.0
978048780.0	917906.944715	9.97740963275e-08	1000000.0
