# S                    T      
  8031770.01953125     217.106
  1.0921199951171875E7 289.474
  1.328219970703125E7  361.843
  1.525989990234375E7  434.212
  1.695469970703125E7  506.58 
  1.84347998046875E7   578.949
  1.9747099609375E7    651.317
  2.0925E7             723.686
  2.199320068359375E7  796.055
  2.297E7              868.423
  2.38697998046875E7   940.792
  2.470360107421875E7  1013.16
  2.5480400390625E7    1085.53
  2.620739990234375E7  1157.9 
  2.689070068359375E7  1230.27
  2.75352001953125E7   1302.63
  2.8145E7             1375.0 
  2.8723701171875E7    1447.37
  2.927429931640625E7  1519.74
  2.97993994140625E7   1592.11
  3.030139892578125E7  1664.48
  3.0782099609375E7    1736.85
  3.124340087890625E7  1809.21
  3.168679931640625E7  1881.58
  3.211360107421875E7  1953.95
  3.252510009765625E7  2026.32
  3.29222998046875E7   2098.69
  3.3306298828125E7    2171.06
  3.3591298828125E7    2226.36
  3.3869599609375E7    2281.66
  3.4141298828125E7    2336.96
  3.440679931640625E7  2392.26
  3.466639892578125E7  2447.55
  3.4920400390625E7    2502.85
  3.51689990234375E7   2558.15
  3.541260009765625E7  2613.45
  3.5651201171875E7    2668.75
  3.58852001953125E7   2724.05
  3.611469970703125E7  2779.35
  3.633989990234375E7  2834.65
  3.65610009765625E7   2889.95
  3.677820068359375E7  2945.25
  3.699169921875E7     3000.55
  3.72014990234375E7   3055.85
  3.7407900390625E7    3111.15
  3.761090087890625E7  3166.45
  3.781080078125E7     3221.75
  3.800760009765625E7  3277.04
  3.82943994140625E7   3359.47
  3.83925E7            3387.64
  3.876639892578125E7  3498.24
  3.913030029296875E7  3608.84
  3.948489990234375E7  3719.44
  3.983080078125E7     3830.04
  4.0168798828125E7    3940.64
  4.049929931640625E7  4051.24
  4.082280029296875E7  4161.83
  4.114009765625E7     4272.43
  4.1451298828125E7    4383.03
  4.1757099609375E7    4493.63
  4.20577978515625E7   4604.23
  4.2353798828125E7    4714.83
  4.2645400390625E7    4825.43
  4.2932998046875E7    4936.02
  4.32168994140625E7   5046.62
  4.349740234375E7     5157.22
  4.37747021484375E7   5267.82
  4.404919921875E7     5378.42
  4.43210009765625E7   5489.02
  4.4590498046875E7    5599.62
  4.48577978515625E7   5710.21
  4.51231982421875E7   5820.81
  4.53868017578125E7   5931.41
  4.56489990234375E7   6042.01
  4.590990234375E7     6152.61
  4.6169599609375E7    6263.21
  4.64285986328125E7   6373.81
  4.6687001953125E7    6484.41
  4.694490234375E7     6595.0 
  4.72027978515625E7   6705.6 
  4.74610009765625E7   6816.2 
  4.7719599609375E7    6926.8 
  4.79791015625E7      7037.4 
  4.824E7              7148.0 
  4.85027001953125E7   7258.6 
  4.87677978515625E7   7369.19
  4.90358984375E7      7479.79
  4.9307998046875E7    7590.39
  4.9585E7             7700.99
  4.98683984375E7      7811.59
  5.01597998046875E7   7922.19
  5.04618017578125E7   8032.79
  5.0777900390625E7    8143.39
  5.11133984375E7      8253.98
  5.1477900390625E7    8364.58
  5.18902001953125E7   8475.18
  5.2405400390625E7    8585.78
  5.32439990234375E7   8696.38
  5.40214013671875E7   8806.98
  5.40214013671875E7   8806.98
  5.563830078125E7     8696.38
  5.60083984375E7      8585.78
  5.63468017578125E7   8475.18
  5.666580078125E7     8364.58
  5.69722021484375E7   8253.98
  5.72706005859375E7   8143.39
  5.7564501953125E7    8032.79
  5.78566015625E7      7922.19
  5.81491015625E7      7811.59
  5.8443701171875E7    7700.99
  5.87418017578125E7   7590.39
  5.90447021484375E7   7479.79
  5.93535986328125E7   7369.19
  5.966919921875E7     7258.6 
  5.99925E7            7148.0 
  6.032419921875E7     7037.4 
  6.0665E7             6926.8 
  6.10152978515625E7   6816.2 
  6.13756982421875E7   6705.6 
  6.174669921875E7     6595.0 
  6.2128701171875E7    6484.41
  6.25218994140625E7   6373.81
  6.29268017578125E7   6263.21
  6.33435986328125E7   6152.61
  6.37725E7            6042.01
  6.4213798828125E7    5931.41
  6.46677978515625E7   5820.81
  6.51347021484375E7   5710.21
  6.5614599609375E7    5599.62
  6.6107900390625E7    5489.02
  6.661490234375E7     5378.42
  6.71360986328125E7   5267.82
  6.7672001953125E7    5157.22
  6.822330078125E7     5046.62
  6.87910986328125E7   4936.02
  6.937669921875E7     4825.43
  6.99814990234375E7   4714.83
  7.060759765625E7     4604.23
  7.12572998046875E7   4493.63
  7.193330078125E7     4383.03
  7.26389990234375E7   4272.43
  7.33781982421875E7   4161.83
  7.41552001953125E7   4051.24
  7.4975E7             3940.64
  7.57314990234375E7   3830.04
  7.6687001953125E7    3719.44
  7.76975E7            3608.84
  7.87735009765625E7   3498.24
  7.992669921875E7     3387.64
  8.02433984375E7      3359.47
  8.11697021484375E7   3277.04
  8.18293017578125E7   3221.75
  8.2517001953125E7    3166.45
  8.323490234375E7     3111.15
  8.398509765625E7     3055.85
  8.4770400390625E7    3000.55
  8.5593203125E7       2945.25
  8.645650390625E7     2889.95
  8.73633984375E7      2834.65
  8.831740234375E7     2779.35
  8.93223046875E7      2724.05
  9.0382197265625E7    2668.75
  9.150150390625E7     2613.45
  9.269169921875E7     2558.15
  9.39441015625E7      2502.85
  9.5272998046875E7    2447.55
  9.6685400390625E7    2392.26
  9.8188701171875E7    2336.96
  9.979150390625E7     2281.66
  1.0150400390625E8    2226.36
  1.0333599609375E8    2171.06
  1.05935E8            2098.69
  1.0879400390625E8    2026.32
  1.1194900390625E8    1953.95
  1.15447001953125E8   1881.58
  1.19342998046875E8   1809.21
  1.23702001953125E8   1736.85
  1.28605E8            1664.48
  1.3415E8             1592.11
  1.4045599609375E8    1519.74
  1.4767E8             1447.37
  1.5597E8             1375.0 
  1.6557099609375E8    1302.63
  1.767319921875E8     1230.27
  1.897580078125E8     1157.9 
  2.049969921875E8     1085.53
  2.228330078125E8     1013.16
  2.436780078125E8     940.792
  2.6795900390625E8    868.423
  2.961569921875E8     796.055
  3.026819921875E8     434.212
  3.28921015625E8      723.686
  3.588530078125E8     361.843
  3.67333984375E8      651.317
  4.133880078125E8     578.949
  4.436719921875E8     289.474
  4.707169921875E8     506.58 
  5.85966015625E8      217.106
