# S                    T      num
  5359799.8046875      255.33 	1
  8503540.0390625      510.503	2
  1.0365400390625E7    765.675	3
  1.1703699951171875E7 1020.85	4
  1.2756199951171875E7 1276.02	5
  1.3628800048828125E7 1531.19	6
  1.4378199462890625E7 1786.37	7
  1.50381005859375E7   2041.54	8
  1.5630400390625E7    2296.71	9
  1.617E7              2551.88	10
  1.66675E7            2807.06	11
  1.7130999755859375E7 3062.23	12
  1.7566199951171875E7 3317.4 	13
  1.7781300048828125E7 3450.69	14
  1.7977900390625E7    3572.57	15
  1.836969970703125E7  3827.75	16
  1.87443994140625E7   4082.92	17
  1.91043994140625E7   4338.09	18
  1.9451400146484375E7 4593.26	19
  1.9786800537109375E7 4848.44	20
  2.0111600341796875E7 5103.61	21
  2.073199951171875E7  5613.95	22
  2.13152001953125E7   6124.3 	23
  2.186010009765625E7  6634.65	24
  2.2363701171875E7    7144.99	25
  2.282300048828125E7  7655.34	26
  2.32364990234375E7   8165.68	27
  2.3605400390625E7    8676.03	28
  2.393280029296875E7  9186.37	29
  2.422340087890625E7  9696.72	30
  2.448199951171875E7  10207.1	31
  2.4713701171875E7    10717.4	32
  2.492260009765625E7  11227.8	33
  2.51125E7            11738.1	34
  2.5286201171875E7    12248.4	35
  2.54464990234375E7   12758.8	36
  2.559530029296875E7  13269.1	37
  2.57343994140625E7   13779.5	38
  2.58652001953125E7   14289.8	39
  2.5988701171875E7    14800.2	40
  2.610610107421875E7  15310.5	41
  2.62181005859375E7   15820.9	42
  2.632550048828125E7  16331.2	43
  2.6428798828125E7    16841.5	44
  2.652860107421875E7  17351.9	45
  2.6625400390625E7    17862.2	46
  2.671949951171875E7  18372.6	47
  2.6811298828125E7    18882.9	48
  2.6901201171875E7    19393.3	49
  2.69893994140625E7   19903.6	50
  2.7076298828125E7    20414.0	51
  2.7162099609375E7    20924.3	52
  2.724699951171875E7  21434.7	53
  2.7331298828125E7    21945.0	54
  2.74152001953125E7   22455.3	55
  2.74989990234375E7   22965.7	56
  2.7582900390625E7    23476.0	57
  2.766719970703125E7  23986.4	58
  2.775199951171875E7  24496.7	59
  2.78377001953125E7   25007.1	60
  2.792469970703125E7  25517.4	61
  2.801330078125E7     26027.8	62
  2.810389892578125E7  26538.1	63
  2.8197099609375E7    27048.5	64
  2.8293701171875E7    27558.8	65
  2.839469970703125E7  28069.1	66
  2.85014990234375E7   28579.5	67
  2.861679931640625E7  29089.8	68
  2.87452001953125E7   29600.2	69
  2.88989990234375E7   30110.5	70
  2.92043994140625E7   30620.9	71
  2.940949951171875E7  30110.5	72
  2.946320068359375E7  29600.2	73
  2.949159912109375E7  29089.8	74
  2.950699951171875E7  28579.5	75
  2.951409912109375E7  28069.1	76
  2.951530029296875E7  27558.8	77
  2.95122998046875E7   27048.5	78
  2.950610107421875E7  26538.1	79
  2.949719970703125E7  26027.8	80
  2.948639892578125E7  25517.4	81
  2.947409912109375E7  25007.1	82
  2.946050048828125E7  24496.7	83
  2.94460009765625E7   23986.4	84
  2.943090087890625E7  23476.0	85
  2.9415400390625E7    22965.7	86
  2.939969970703125E7  22455.3	87
  2.938389892578125E7  21945.0	88
  2.936840087890625E7  21434.7	89
  2.93531005859375E7   20924.3	90
  2.933840087890625E7  20414.0	91
  2.932429931640625E7  19903.6	92
  2.931110107421875E7  19393.3	93
  2.929889892578125E7  18882.9	94
  2.9287900390625E7    18372.6	95
  2.927820068359375E7  17862.2	96
  2.927010009765625E7  17351.9	97
  2.9263798828125E7    16841.5	98
  2.9259599609375E7    16331.2	99
  2.925760009765625E7  15820.9	100
  2.925840087890625E7  15310.5	101
  2.926219970703125E7  14800.2	102
  2.92693994140625E7   14289.8	103
  2.928080078125E7     13779.5	104
  2.929679931640625E7  13269.1	105
  2.93185009765625E7   12758.8	106
  2.934669921875E7     12248.4	107
  2.938300048828125E7  11738.1	108
  2.942889892578125E7  11227.8	109
  2.948669921875E7     10717.4	110
  2.955919921875E7     10207.1	111
  2.965010009765625E7  9696.72	112
  2.976429931640625E7  9186.37	113
  2.99081005859375E7   8676.03	114
  3.008969970703125E7  8165.68	115
  3.03197998046875E7   7655.34	116
  3.061219970703125E7  7144.99	117
  3.0985E7             6634.65	118
  3.146199951171875E7  6124.3 	119
  3.2075400390625E7    5613.95	120
  3.287030029296875E7  5103.61	121
  3.3355E7             4848.44	122
  3.391179931640625E7  4593.26	123
  3.455389892578125E7  4338.09	124
  3.529820068359375E7  4082.92	125
  3.6166201171875E7    3827.75	126
  3.7185400390625E7    3572.57	127
  3.77618994140625E7   3450.69	128
  3.83922998046875E7   3317.4 	129
  3.983550048828125E7  3062.23	130
  4.15818994140625E7   2807.06	131
  4.37256005859375E7   2551.88	132
  4.64031005859375E7   2296.71	133
  4.98206005859375E7   2041.54	134
  5.43035986328125E7   1786.37	135
  6.0397900390625E7    1531.19	136
  6.90910009765625E7   1276.02	137
  8.236919921875E7     1020.85	138
  1.04892001953125E8   765.675	139
  1.50715E8            510.503	140
  2.905130078125E8     255.33 	141
