33
0.0e5  3783.1325
234.8635e5  3783.1325
424.7369e5  3783.1325
614.6866e5  3759.0361
842.611e5  3734.9398
1032.4844e5  3734.9398
1222.5103e5  3686.747
1412.46e5  3662.6506
1640.4606e5  3614.4578
1830.4865e5  3566.2651
2020.5124e5  3518.0723
2210.5384e5  3469.8795
2438.6152e5  3397.5904
2628.7174e5  3325.3012
2818.8196e5  3253.012
3008.998e5  3156.6265
3237.2274e5  3036.1446
3427.4058e5  2939.759
3619.2619e5  2313.253
3809.2878e5  2265.0602
4037.2884e5  2216.8675
4227.3143e5  2168.6747
4417.3402e5  2120.4819
4607.3662e5  2072.2892
4835.443e5  2000.0
5025.5452e5  1927.7108
5215.6474e5  1855.4217
5443.7243e5  1783.1325
5633.9027e5  1686.747
5823.9286e5  1638.5542
6013.9546e5  1590.3614
6242.0314e5  1518.0723
6359.6157e5  361.4458
